0.000000e+00,5.164273e+01,1.525366e+02,1.313570e+02,1.611201e+02,1.674300e+02,1.309321e+02,1.525911e+02,1.445546e+02,1.366612e+02,1.758662e+02,1.547523e+02,1.905371e+02,1.789275e+02,1.487231e+02,1.650799e+02,1.621421e+02,1.610004e+02,1.266790e+02,1.890179e+02,1.568268e+02,1.882465e+02,1.920088e+02,1.186622e+02,8.929540e+01,1.646848e+02,1.620445e+02,1.526089e+02,1.766462e+02,8.886837e+01,1.527106e+02,1.074385e+02,1.322366e+02,1.423665e+02,1.269665e+02,1.608122e+02,1.664377e+02,1.866244e+02,1.827160e+02,1.533841e+02,1.386835e+02,1.460288e+02,1.088928e+02,1.109010e+02,2.989020e+02,1.190345e+02,1.065907e+02,1.015069e+02,1.192592e+02,1.145213e+02,1.130656e+02,1.532043e+02,1.121907e+02,1.079392e+02,1.545722e+02,1.174286e+02,1.598278e+02,1.148788e+02,1.315745e+02,9.146242e+01,1.065094e+02,1.616838e+02,1.167121e+02,1.125013e+02,1.220822e+02,1.031237e+02,1.790001e+02,1.475346e+02,1.490370e+02,1.533943e+02,1.677337e+02,1.544874e+02,9.561245e+01,1.834406e+02,1.787279e+02,1.362617e+02,1.505007e+02,1.439328e+02,1.806340e+02,1.430777e+02,1.418577e+02,1.397052e+02,9.154952e+01,9.680506e+01,1.578511e+02,1.106772e+02,1.314027e+02,1.253336e+02,1.223284e+02,9.856358e+01,1.701904e+02,1.579494e+02,1.442135e+02,1.162117e+02,1.838611e+02,1.025931e+02,1.673009e+02,1.052458e+02,2.169100e+02,1.492558e+02,1.759413e+02,1.836543e+02,2.250971e+02,1.535106e+02,1.142462e+02,1.708292e+02,1.217275e+02,1.374693e+02,1.874280e+02,1.359290e+02,1.414424e+02,1.802615e+02,1.339637e+02,1.360985e+02,6.466212e+01,1.410414e+02
5.164273e+01,0.000000e+00,1.448506e+02,1.243981e+02,1.536926e+02,1.595824e+02,1.239639e+02,1.445194e+02,1.367832e+02,1.299704e+02,1.675350e+02,1.475379e+02,1.814645e+02,1.708186e+02,1.417522e+02,1.581706e+02,1.546212e+02,1.541799e+02,1.181069e+02,1.808089e+02,1.500383e+02,1.795969e+02,1.835478e+02,1.128439e+02,8.366512e+01,1.569637e+02,1.538436e+02,1.441323e+02,1.680575e+02,8.684688e+01,1.461842e+02,1.002609e+02,1.233357e+02,1.348804e+02,1.233135e+02,1.524866e+02,1.587261e+02,1.773016e+02,1.736794e+02,1.454954e+02,1.325336e+02,1.391133e+02,1.021262e+02,1.030569e+02,3.006489e+02,1.116306e+02,9.932537e+01,9.595834e+01,1.103052e+02,1.070677e+02,1.132530e+02,1.471882e+02,1.043420e+02,1.020067e+02,1.462471e+02,1.147017e+02,1.523376e+02,1.142454e+02,1.294989e+02,8.592433e+01,9.992834e+01,1.531503e+02,1.170105e+02,1.075739e+02,1.263518e+02,9.764787e+01,1.691971e+02,1.448510e+02,1.427677e+02,1.449521e+02,1.589418e+02,1.470780e+02,9.247367e+01,1.752548e+02,1.697100e+02,1.324500e+02,1.427116e+02,1.433385e+02,1.850390e+02,1.368918e+02,1.360262e+02,1.335286e+02,8.493112e+01,9.493985e+01,1.492931e+02,1.077459e+02,1.284230e+02,1.247999e+02,1.136216e+02,9.462246e+01,1.628181e+02,1.508248e+02,1.418925e+02,1.083816e+02,1.743444e+02,9.827741e+01,1.590457e+02,1.046010e+02,2.184957e+02,1.407314e+02,1.681028e+02,1.743725e+02,2.277409e+02,1.462130e+02,1.169184e+02,1.718838e+02,1.146912e+02,1.303330e+02,1.895529e+02,1.278474e+02,1.331289e+02,1.727936e+02,1.270598e+02,1.329263e+02,6.674320e+01,1.331668e+02
1.525366e+02,1.448506e+02,0.000000e+00,6.140426e+01,5.732488e+01,6.632107e+01,6.082994e+01,5.758172e+01,4.835604e+01,5.394341e+01,5.529107e+01,4.985388e+01,6.669055e+01,5.990078e+01,4.889546e+01,5.018620e+01,5.673667e+01,5.869584e+01,8.426494e+01,6.741268e+01,5.008124e+01,6.301809e+01,6.510040e+01,8.270155e+01,1.007282e+02,4.817573e+01,5.595543e+01,6.416587e+01,6.779219e+01,1.391044e+02,7.909008e+01,8.366948e+01,6.936958e+01,7.544042e+01,1.865556e+02,5.496428e+01,6.049366e+01,6.194033e+01,5.785745e+01,4.864559e+01,5.510704e+01,5.438830e+01,1.236851e+02,8.520931e+01,4.114324e+02,8.785957e+01,1.188127e+02,1.133101e+02,1.126157e+02,8.954830e+01,1.851737e+02,5.579237e+01,8.831574e+01,1.325762e+02,5.714037e+01,1.802543e+02,4.891325e+01,1.844468e+02,2.082601e+02,1.077018e+02,9.093793e+01,4.763281e+01,1.839985e+02,8.438039e+01,2.000352e+02,1.006166e+02,5.794888e+01,2.182906e+02,5.413562e+01,5.410129e+01,8.892155e+01,5.204218e+01,1.651795e+02,6.379726e+01,7.222522e+01,2.040185e+02,5.678464e+01,2.335901e+02,2.878298e+02,5.356437e+01,5.526039e+01,6.049069e+01,1.074825e+02,1.525431e+02,4.804790e+01,1.747387e+02,7.556622e+01,9.913876e+01,8.067582e+01,1.681654e+02,6.270635e+01,5.765397e+01,2.279775e+02,9.063255e+01,5.463999e+01,1.465205e+02,4.842826e+01,1.351601e+02,3.211122e+02,4.896525e+01,5.650511e+01,6.183981e+01,3.369668e+02,5.040906e+01,9.558420e+01,2.685128e+02,1.381630e+02,6.034317e+01,2.959037e+02,6.436743e+01,1.081847e+02,5.318169e+01,5.906110e+01,7.451001e+01,1.813081e+02,5.149608e+01
1.313570e+02,1.243981e+02,6.140426e+01,0.000000e+00,6.003421e+01,7.475143e+01,5.346366e+01,5.565153e+01,5.887314e+01,6.230164e+01,7.640573e+01,6.342563e+01,9.134991e+01,8.190917e+01,6.321543e+01,6.800384e+01,7.427048e+01,7.143545e+01,8.449331e+01,8.582812e+01,6.054697e+01,8.715955e+01,9.002504e+01,7.867431e+01,8.417881e+01,6.979941e+01,6.993850e+01,6.817389e+01,7.902838e+01,1.174515e+02,8.127823e+01,7.254927e+01,6.732498e+01,7.693496e+01,1.738144e+02,5.698811e+01,7.088785e+01,8.510657e+01,8.157829e+01,6.656141e+01,6.041003e+01,6.036578e+01,1.186132e+02,8.440039e+01,3.895586e+02,8.945898e+01,1.076541e+02,1.042078e+02,1.120047e+02,8.860310e+01,1.689873e+02,6.772346e+01,8.011649e+01,1.244725e+02,6.323254e+01,1.637841e+02,6.769413e+01,1.668128e+02,1.897198e+02,9.150078e+01,8.788981e+01,6.483142e+01,1.664718e+02,8.231561e+01,1.786006e+02,9.308160e+01,7.919335e+01,2.028644e+02,6.423154e+01,6.124331e+01,1.021209e+02,6.146339e+01,1.449855e+02,8.247210e+01,8.389303e+01,1.884162e+02,5.038691e+01,2.121208e+02,2.655921e+02,5.836937e+01,5.983016e+01,6.402776e+01,8.924186e+01,1.318696e+02,6.352808e+01,1.554420e+02,6.788527e+01,8.435583e+01,8.583082e+01,1.473296e+02,7.389113e+01,6.457859e+01,2.098957e+02,8.177211e+01,7.998824e+01,1.283923e+02,7.363062e+01,1.189559e+02,3.010055e+02,6.074490e+01,8.019018e+01,8.384408e+01,3.144626e+02,6.317091e+01,7.960348e+01,2.473089e+02,1.363964e+02,4.789094e+01,2.718941e+02,5.990727e+01,1.135131e+02,7.876740e+01,5.546880e+01,6.977456e+01,1.628282e+02,5.856989e+01
1.611201e+02,1.536926e+02,5.732488e+01,6.003421e+01,0.000000e+00,4.776168e+01,5.987328e+01,4.908329e+01,6.625573e+01,7.393146e+01,6.325690e+01,6.431523e+01,6.563161e+01,5.989345e+01,7.112367e+01,6.208218e+01,6.627708e+01,6.707160e+01,8.876185e+01,5.876334e+01,5.616034e+01,6.372406e+01,6.398999e+01,8.669114e+01,1.068274e+02,6.529694e+01,5.676066e+01,5.173293e+01,4.727616e+01,1.498639e+02,7.207742e+01,8.860930e+01,7.101047e+01,7.197520e+01,2.016192e+02,4.925941e+01,5.757575e+01,6.271286e+01,6.282859e+01,6.177350e+01,7.428762e+01,7.178069e+01,1.347823e+02,9.662370e+01,4.243914e+02,1.028580e+02,1.208095e+02,1.311522e+02,1.206617e+02,1.052704e+02,2.027183e+02,7.744745e+01,8.821115e+01,1.476373e+02,5.292762e+01,1.973343e+02,6.160261e+01,2.003769e+02,2.221256e+02,1.060960e+02,1.050261e+02,6.212184e+01,2.002853e+02,9.650335e+01,2.173560e+02,1.167052e+02,6.048919e+01,2.328282e+02,6.895527e+01,6.439893e+01,8.432466e+01,6.767059e+01,1.696602e+02,5.738931e+01,5.316170e+01,2.166951e+02,5.025780e+01,2.471893e+02,3.053276e+02,6.938033e+01,7.182293e+01,7.992111e+01,1.148165e+02,1.587125e+02,6.579604e+01,1.802240e+02,9.264775e+01,1.160815e+02,9.193470e+01,1.734663e+02,4.802942e+01,5.921574e+01,2.451227e+02,8.817791e+01,6.244059e+01,1.530488e+02,6.524337e+01,1.495418e+02,3.372902e+02,6.210655e+01,6.382351e+01,6.351931e+01,3.532998e+02,6.594109e+01,1.110102e+02,2.842282e+02,1.435078e+02,6.099335e+01,3.094693e+02,5.451301e+01,1.066847e+02,6.057923e+01,5.261774e+01,9.161442e+01,1.915056e+02,7.274312e+01
1.674300e+02,1.595824e+02,6.632107e+01,7.475143e+01,4.776168e+01,0.000000e+00,6.675813e+01,5.632787e+01,7.167534e+01,8.182716e+01,6.300532e+01,7.336530e+01,5.759532e+01,5.960771e+01,7.615555e+01,6.636432e+01,7.143028e+01,6.849874e+01,8.854500e+01,5.618787e+01,6.486733e+01,5.974808e+01,6.223326e+01,8.689475e+01,1.146374e+02,7.263741e+01,5.645496e+01,4.513012e+01,4.444889e+01,1.603063e+02,6.320284e+01,9.371839e+01,7.389084e+01,6.421942e+01,2.106546e+02,5.743393e+01,5.798904e+01,6.101914e+01,6.244512e+01,6.628580e+01,8.237783e+01,7.921746e+01,1.370985e+02,1.044711e+02,4.345588e+02,1.066663e+02,1.224188e+02,1.392662e+02,1.217293e+02,1.096277e+02,2.125276e+02,8.534945e+01,9.188756e+01,1.532136e+02,5.164091e+01,2.061968e+02,6.201995e+01,2.104872e+02,2.307809e+02,1.083369e+02,1.109325e+02,6.704180e+01,2.114709e+02,1.031420e+02,2.292951e+02,1.239887e+02,5.777166e+01,2.417247e+02,8.248846e+01,7.158282e+01,7.630400e+01,7.460073e+01,1.755828e+02,5.303734e+01,4.524494e+01,2.238935e+02,5.668024e+01,2.582954e+02,3.168258e+02,8.001526e+01,8.271401e+01,9.154530e+01,1.245687e+02,1.686233e+02,7.018358e+01,1.867534e+02,1.044544e+02,1.293164e+02,9.473675e+01,1.795897e+02,4.866191e+01,6.199439e+01,2.547485e+02,8.916129e+01,6.610658e+01,1.607794e+02,6.811944e+01,1.601978e+02,3.475706e+02,6.589965e+01,6.201926e+01,6.244721e+01,3.647352e+02,7.538869e+01,1.253526e+02,2.954106e+02,1.427447e+02,7.016205e+01,3.216828e+02,5.355569e+01,1.018513e+02,6.386476e+01,6.089810e+01,1.050341e+02,1.965748e+02,8.038405e+01
1.309321e+02,1.239639e+02,6.082994e+01,5.346366e+01,5.987328e+01,6.675813e+01,0.000000e+00,5.946413e+01,5.966592e+01,6.695437e+01,7.526446e+01,6.680847e+01,8.553695e+01,7.689279e+01,6.653078e+01,6.891830e+01,7.218580e+01,7.295603e+01,7.383055e+01,8.087272e+01,6.126656e+01,8.237378e+01,8.612848e+01,7.154104e+01,7.988837e+01,7.218978e+01,6.940785e+01,5.080850e+01,7.681262e+01,1.180776e+02,7.521197e+01,6.897348e+01,6.431209e+01,6.690827e+01,1.728836e+02,6.128093e+01,7.031125e+01,8.099001e+01,7.776727e+01,6.274436e+01,6.759227e+01,6.503549e+01,1.149528e+02,7.903597e+01,3.901942e+02,8.753198e+01,1.031638e+02,1.065069e+02,1.058395e+02,8.606306e+01,1.714452e+02,7.218605e+01,7.569918e+01,1.227322e+02,6.116491e+01,1.665524e+02,6.277025e+01,1.677442e+02,1.905038e+02,8.357419e+01,8.603271e+01,6.523618e+01,1.696261e+02,7.955184e+01,1.839708e+02,9.368485e+01,7.721060e+01,2.038930e+02,6.653325e+01,6.051532e+01,9.302129e+01,6.671198e+01,1.413927e+02,7.532866e+01,7.811658e+01,1.883970e+02,5.906772e+01,2.137674e+02,2.685359e+02,6.428707e+01,6.491388e+01,6.961985e+01,9.066957e+01,1.319976e+02,6.772501e+01,1.542050e+02,7.660693e+01,9.224478e+01,7.785138e+01,1.408513e+02,7.324361e+01,6.638409e+01,2.117146e+02,7.429743e+01,8.008273e+01,1.270452e+02,7.564494e+01,1.234510e+02,3.020622e+02,6.218965e+01,7.599560e+01,7.860896e+01,3.168709e+02,6.998733e+01,8.961975e+01,2.495359e+02,1.266950e+02,5.361062e+01,2.748295e+02,5.066461e+01,1.021006e+02,7.908222e+01,4.940650e+01,8.069211e+01,1.577580e+02,6.537308e+01
1.525911e+02,1.445194e+02,5.758172e+01,5.565153e+01,4.908329e+01,5.632787e+01,5.946413e+01,0.000000e+00,6.339301e+01,6.733835e+01,6.551584e+01,6.428742e+01,7.188426e+01,6.724325e+01,6.574855e+01,5.930005e+01,6.891247e+01,6.636755e+01,8.981558e+01,6.447536e+01,5.515849e+01,6.897813e+01,7.103210e+01,8.571384e+01,1.014744e+02,6.419686e+01,5.902701e+01,5.847734e+01,6.039429e+01,1.415395e+02,7.710546e+01,8.496693e+01,7.288004e+01,7.341514e+01,1.958763e+02,4.494390e+01,6.063920e+01,6.873022e+01,6.670062e+01,6.154122e+01,6.697622e+01,6.767428e+01,1.320431e+02,9.518771e+01,4.160566e+02,9.845475e+01,1.163888e+02,1.225412e+02,1.193538e+02,1.002674e+02,1.934023e+02,7.015453e+01,8.536021e+01,1.418324e+02,5.420387e+01,1.875199e+02,6.130064e+01,1.911500e+02,2.144166e+02,1.038399e+02,1.005687e+02,5.725798e+01,1.915525e+02,9.297079e+01,2.075045e+02,1.113664e+02,6.412831e+01,2.254133e+02,6.945774e+01,5.972194e+01,9.386096e+01,6.560567e+01,1.638254e+02,6.671977e+01,6.454334e+01,2.097392e+02,4.878500e+01,2.388301e+02,2.948659e+02,6.319247e+01,6.493850e+01,7.521022e+01,1.081106e+02,1.518276e+02,5.961474e+01,1.754386e+02,8.580696e+01,1.073351e+02,9.040891e+01,1.673511e+02,5.251360e+01,5.874293e+01,2.357696e+02,8.526705e+01,6.398093e+01,1.454469e+02,6.219716e+01,1.421642e+02,3.279316e+02,5.933915e+01,6.577399e+01,6.902108e+01,3.427538e+02,6.273566e+01,1.007478e+02,2.746630e+02,1.443293e+02,5.230148e+01,2.998932e+02,5.354179e+01,1.121048e+02,6.313648e+01,5.565368e+01,8.573898e+01,1.845737e+02,6.762716e+01
1.445546e+02,1.367832e+02,4.835604e+01,5.887314e+01,6.625573e+01,7.167534e+01,5.966592e+01,6.339301e+01,0.000000e+00,4.903409e+01,5.970172e+01,5.323496e+01,7.683558e+01,6.670318e+01,5.181907e+01,5.391154e+01,6.135391e+01,5.581304e+01,8.320033e+01,7.558282e+01,5.617673e+01,7.122392e+01,7.407285e+01,8.018039e+01,9.320974e+01,5.268402e+01,6.233980e+01,6.646912e+01,7.545341e+01,1.295578e+02,8.004633e+01,7.736842e+01,6.859665e+01,7.654286e+01,1.765482e+02,6.026267e+01,6.524633e+01,6.952351e+01,6.475075e+01,4.942952e+01,4.916777e+01,5.163646e+01,1.178982e+02,8.149885e+01,3.990043e+02,8.356503e+01,1.136078e+02,1.049452e+02,1.089489e+02,8.152132e+01,1.745659e+02,5.555695e+01,8.701135e+01,1.235769e+02,6.151248e+01,1.693353e+02,5.671338e+01,1.719503e+02,1.977862e+02,1.013322e+02,8.613395e+01,5.023021e+01,1.728108e+02,7.987862e+01,1.877149e+02,9.291486e+01,6.419772e+01,2.083335e+02,5.371994e+01,5.355700e+01,9.251223e+01,4.967089e+01,1.557090e+02,7.196837e+01,8.052017e+01,1.933562e+02,6.016850e+01,2.214920e+02,2.752975e+02,5.053202e+01,5.194523e+01,5.825130e+01,1.008471e+02,1.438306e+02,4.874222e+01,1.655414e+02,7.046725e+01,8.985218e+01,7.643451e+01,1.596957e+02,7.140795e+01,5.997027e+01,2.149687e+02,8.559244e+01,6.387801e+01,1.381049e+02,5.617471e+01,1.231628e+02,3.088553e+02,5.091407e+01,6.361539e+01,6.745051e+01,3.239961e+02,5.466688e+01,9.005999e+01,2.556731e+02,1.332898e+02,5.611723e+01,2.843256e+02,6.682554e+01,1.054078e+02,6.231279e+01,6.109386e+01,7.276259e+01,1.738512e+02,5.121689e+01
1.366612e+02,1.299704e+02,5.394341e+01,6.230164e+01,7.393146e+01,8.182716e+01,6.695437e+01,6.733835e+01,4.903409e+01,0.000000e+00,6.681547e+01,5.699239e+01,8.567383e+01,7.614944e+01,5.092025e+01,6.079753e+01,6.708403e+01,6.345093e+01,8.177767e+01,8.546221e+01,5.858534e+01,7.965811e+01,8.319354e+01,8.022444e+01,9.065255e+01,5.644653e+01,7.103882e+01,7.679500e+01,8.567867e+01,1.237264e+02,8.758429e+01,7.880551e+01,7.190992e+01,8.419119e+01,1.676978e+02,6.926661e+01,7.196303e+01,7.910172e+01,7.378878e+01,5.018731e+01,4.410591e+01,5.593608e+01,1.129665e+02,7.693716e+01,3.902023e+02,7.894409e+01,1.120984e+02,9.753677e+01,1.050837e+02,7.888101e+01,1.662405e+02,5.841241e+01,8.702665e+01,1.184682e+02,6.859697e+01,1.610453e+02,5.870285e+01,1.630812e+02,1.888252e+02,1.008048e+02,8.281449e+01,6.078032e+01,1.634320e+02,7.615481e+01,1.767748e+02,8.972602e+01,7.352581e+01,1.987098e+02,5.459123e+01,6.076568e+01,9.778128e+01,5.608889e+01,1.516107e+02,8.291738e+01,9.006719e+01,1.858371e+02,6.590988e+01,2.136294e+02,2.647169e+02,5.025526e+01,5.062194e+01,5.226374e+01,9.698408e+01,1.392790e+02,5.645909e+01,1.591601e+02,6.599422e+01,8.377132e+01,7.572047e+01,1.544039e+02,8.010417e+01,6.686495e+01,2.062113e+02,8.665494e+01,7.283079e+01,1.328353e+02,6.088239e+01,1.155448e+02,2.986199e+02,5.564589e+01,7.151328e+01,7.804078e+01,3.141655e+02,5.535277e+01,8.350197e+01,2.456612e+02,1.298487e+02,5.979332e+01,2.753174e+02,7.170973e+01,1.079117e+02,6.934068e+01,6.761942e+01,7.007903e+01,1.678769e+02,4.970420e+01
1.758662e+02,1.675350e+02,5.529107e+01,7.640573e+01,6.325690e+01,6.300532e+01,7.526446e+01,6.551584e+01,5.970172e+01,6.681547e+01,0.000000e+00,5.340843e+01,5.741662e+01,5.251050e+01,5.878266e+01,5.095956e+01,6.331871e+01,5.813717e+01,9.426899e+01,5.680301e+01,5.794519e+01,5.201830e+01,5.384435e+01,1.002329e+02,1.214092e+02,5.225899e+01,5.975445e+01,7.052685e+01,6.176973e+01,1.584300e+02,8.321739e+01,1.036653e+02,8.460415e+01,8.402462e+01,2.039808e+02,5.955175e+01,6.114965e+01,5.156842e+01,4.860892e+01,5.339571e+01,6.651516e+01,6.660748e+01,1.363313e+02,9.762277e+01,4.315619e+02,9.654668e+01,1.301372e+02,1.286538e+02,1.218738e+02,9.855369e+01,2.058187e+02,6.487670e+01,1.009247e+02,1.463197e+02,6.418100e+01,1.967985e+02,5.240834e+01,2.021841e+02,2.277817e+02,1.253220e+02,1.059184e+02,5.140933e+01,2.020191e+02,9.549130e+01,2.198695e+02,1.160078e+02,5.340906e+01,2.352551e+02,6.418697e+01,6.414504e+01,8.558089e+01,5.717542e+01,1.839376e+02,5.618806e+01,6.727228e+01,2.209479e+02,6.237639e+01,2.544767e+02,3.091946e+02,6.419244e+01,6.691689e+01,7.027257e+01,1.253902e+02,1.710682e+02,5.324913e+01,1.912907e+02,9.027830e+01,1.148092e+02,8.972867e+01,1.872529e+02,5.839803e+01,6.240608e+01,2.473216e+02,1.005735e+02,4.634961e+01,1.625165e+02,4.839782e+01,1.497507e+02,3.410837e+02,5.913949e+01,5.136783e+01,4.939933e+01,3.577459e+02,6.128488e+01,1.138917e+02,2.876118e+02,1.490127e+02,7.067787e+01,3.178620e+02,7.562904e+01,1.100903e+02,4.688315e+01,7.047903e+01,8.963951e+01,2.071487e+02,6.557704e+01
1.547523e+02,1.475379e+02,4.985388e+01,6.342563e+01,6.431523e+01,7.336530e+01,6.680847e+01,6.428742e+01,5.323496e+01,5.699239e+01,5.340843e+01,0.000000e+00,7.497791e+01,6.682989e+01,5.220630e+01,5.396018e+01,6.867740e+01,6.556703e+01,8.969361e+01,7.332803e+01,5.203417e+01,6.547832e+01,6.960093e+01,9.133734e+01,1.050358e+02,4.834790e+01,6.250664e+01,7.437962e+01,7.580549e+01,1.359405e+02,8.378539e+01,9.213202e+01,7.706328e+01,8.427431e+01,1.879106e+02,5.535186e+01,6.166624e+01,6.474377e+01,5.962930e+01,5.344864e+01,5.314872e+01,5.008867e+01,1.285464e+02,8.898885e+01,4.106653e+02,9.139938e+01,1.240112e+02,1.136222e+02,1.200342e+02,9.145028e+01,1.848517e+02,4.959116e+01,9.513537e+01,1.336374e+02,6.347514e+01,1.781031e+02,5.126601e+01,1.817548e+02,2.095029e+02,1.151292e+02,9.707679e+01,5.212754e+01,1.825006e+02,8.725270e+01,1.960330e+02,9.962669e+01,6.671112e+01,2.188706e+02,5.510245e+01,5.710094e+01,9.873971e+01,4.609273e+01,1.683722e+02,6.956329e+01,8.176778e+01,2.064327e+02,6.051399e+01,2.312042e+02,2.840412e+02,5.143304e+01,5.233835e+01,5.446961e+01,1.089786e+02,1.543644e+02,4.799642e+01,1.760387e+02,7.621286e+01,9.505223e+01,8.720721e+01,1.700528e+02,7.053367e+01,5.725700e+01,2.258766e+02,9.604311e+01,5.917411e+01,1.481706e+02,5.614759e+01,1.317063e+02,3.189063e+02,5.267768e+01,6.520303e+01,6.503757e+01,3.334593e+02,5.429082e+01,8.908136e+01,2.662640e+02,1.463561e+02,6.282765e+01,2.944492e+02,7.460442e+01,1.164537e+02,5.859196e+01,6.723063e+01,6.830492e+01,1.861422e+02,4.824717e+01
1.905371e+02,1.814645e+02,6.669055e+01,9.134991e+01,6.563161e+01,5.759532e+01,8.553695e+01,7.188426e+01,7.683558e+01,8.567383e+01,5.741662e+01,7.497791e+01,0.000000e+00,4.269512e+01,7.864083e+01,6.580707e+01,6.637227e+01,6.987384e+01,9.986997e+01,5.282412e+01,7.060982e+01,5.010343e+01,4.862057e+01,1.069617e+02,1.345634e+02,6.634273e+01,6.366563e+01,6.702704e+01,5.665200e+01,1.780248e+02,8.236853e+01,1.101719e+02,8.943909e+01,8.546250e+01,2.225172e+02,7.045302e+01,6.518515e+01,4.667495e+01,4.980729e+01,6.647859e+01,8.729065e+01,8.670927e+01,1.465996e+02,1.104326e+02,4.521791e+02,1.125818e+02,1.399326e+02,1.477962e+02,1.294792e+02,1.152038e+02,2.265489e+02,8.493320e+01,1.086935e+02,1.620060e+02,6.601862e+01,2.202172e+02,5.366675e+01,2.245583e+02,2.465751e+02,1.319352e+02,1.200692e+02,6.440368e+01,2.254550e+02,1.108092e+02,2.439792e+02,1.330480e+02,5.112840e+01,2.544764e+02,8.398849e+01,7.780415e+01,7.647625e+01,7.813937e+01,1.975360e+02,5.411510e+01,5.928342e+01,2.380254e+02,7.117854e+01,2.750902e+02,3.336625e+02,8.524513e+01,8.804746e+01,9.740100e+01,1.404088e+02,1.873675e+02,6.919764e+01,2.058843e+02,1.120655e+02,1.395272e+02,9.818542e+01,2.012033e+02,6.067306e+01,6.982412e+01,2.697808e+02,1.059493e+02,5.342615e+01,1.774456e+02,5.969969e+01,1.711017e+02,3.636680e+02,7.119113e+01,4.465834e+01,5.208967e+01,3.818817e+02,7.693307e+01,1.375975e+02,3.115009e+02,1.539482e+02,8.816094e+01,3.401021e+02,8.067567e+01,1.074875e+02,5.485047e+01,7.892283e+01,1.111740e+02,2.196848e+02,8.358034e+01
1.789275e+02,1.708186e+02,5.990078e+01,8.190917e+01,5.989345e+01,5.960771e+01,7.689279e+01,6.724325e+01,6.670318e+01,7.614944e+01,5.251050e+01,6.682989e+01,4.269512e+01,0.000000e+00,7.048353e+01,5.730466e+01,5.696133e+01,6.214765e+01,9.314882e+01,5.533910e+01,6.383568e+01,4.758553e+01,5.082956e+01,9.871155e+01,1.251504e+02,5.878080e+01,5.756965e+01,6.377314e+01,6.044303e+01,1.661399e+02,7.854903e+01,1.024752e+02,8.523284e+01,8.196405e+01,2.094453e+02,6.384834e+01,6.412973e+01,4.727232e+01,4.673393e+01,5.771578e+01,7.620767e+01,7.575155e+01,1.374801e+02,1.014094e+02,4.393120e+02,1.013917e+02,1.324635e+02,1.374664e+02,1.208103e+02,1.045802e+02,2.129123e+02,7.639762e+01,1.008592e+02,1.501676e+02,6.257631e+01,2.065111e+02,5.256964e+01,2.110212e+02,2.341447e+02,1.226523e+02,1.078711e+02,5.511298e+01,2.119261e+02,1.013617e+02,2.306021e+02,1.216105e+02,4.541689e+01,2.415596e+02,7.329281e+01,6.913472e+01,7.389952e+01,6.993578e+01,1.862757e+02,5.339645e+01,6.004553e+01,2.259230e+02,6.704879e+01,2.619204e+02,3.201330e+02,7.693400e+01,7.899797e+01,8.498806e+01,1.304194e+02,1.755272e+02,6.209453e+01,1.937689e+02,1.018051e+02,1.282739e+02,8.988573e+01,1.907516e+02,5.823849e+01,6.702980e+01,2.562324e+02,9.859743e+01,4.906093e+01,1.665447e+02,5.397540e+01,1.582893e+02,3.501242e+02,6.248273e+01,4.293598e+01,4.671719e+01,3.678895e+02,6.730001e+01,1.269601e+02,2.977951e+02,1.463360e+02,8.001034e+01,3.260089e+02,7.427641e+01,1.021843e+02,5.213295e+01,7.261811e+01,1.044942e+02,2.087448e+02,7.530236e+01
1.487231e+02,1.417522e+02,4.889546e+01,6.321543e+01,7.112367e+01,7.615555e+01,6.653078e+01,6.574855e+01,5.181907e+01,5.092025e+01,5.878266e+01,5.220630e+01,7.864083e+01,7.048353e+01,0.000000e+00,5.348582e+01,6.032303e+01,6.201312e+01,8.453147e+01,7.826815e+01,5.563033e+01,7.184398e+01,7.479696e+01,9.079493e+01,1.000186e+02,5.050049e+01,6.545440e+01,7.598638e+01,8.156985e+01,1.291199e+02,9.211042e+01,8.608175e+01,7.972679e+01,8.646165e+01,1.755417e+02,6.212921e+01,6.953011e+01,7.304908e+01,6.885420e+01,5.350619e+01,4.795309e+01,5.310825e+01,1.177484e+02,8.254479e+01,3.991300e+02,7.772174e+01,1.178612e+02,9.225281e+01,1.096390e+02,8.392469e+01,1.736014e+02,5.004429e+01,9.090353e+01,1.251030e+02,6.455480e+01,1.649481e+02,5.518490e+01,1.702250e+02,1.966416e+02,1.085890e+02,8.683492e+01,5.146362e+01,1.696760e+02,8.012020e+01,1.840726e+02,9.205929e+01,7.317264e+01,2.048359e+02,5.202174e+01,5.755520e+01,9.751226e+01,5.281480e+01,1.609835e+02,7.542312e+01,8.661381e+01,1.923997e+02,6.066183e+01,2.225972e+02,2.730877e+02,4.751310e+01,4.873598e+01,5.332145e+01,1.017613e+02,1.468026e+02,4.739987e+01,1.667379e+02,6.584897e+01,8.593429e+01,7.896299e+01,1.619140e+02,7.465945e+01,6.521129e+01,2.162614e+02,9.108364e+01,6.358528e+01,1.385166e+02,5.414753e+01,1.190681e+02,3.077526e+02,4.811125e+01,6.924804e+01,7.151247e+01,3.238191e+02,5.422763e+01,8.573501e+01,2.539901e+02,1.383508e+02,5.920517e+01,2.847821e+02,7.396393e+01,1.121667e+02,6.174391e+01,6.799334e+01,6.591515e+01,1.806605e+02,4.898886e+01
1.650799e+02,1.581706e+02,5.018620e+01,6.800384e+01,6.208218e+01,6.636432e+01,6.891830e+01,5.930005e+01,5.391154e+01,6.079753e+01,5.095956e+01,5.396018e+01,6.580707e+01,5.730466e+01,5.348582e+01,0.000000e+00,5.898350e+01,4.994174e+01,8.762624e+01,6.396077e+01,5.127880e+01,5.809581e+01,5.775871e+01,9.439099e+01,1.096095e+02,4.853445e+01,5.607521e+01,6.897839e+01,6.910105e+01,1.483979e+02,8.198551e+01,9.147219e+01,7.958456e+01,8.282977e+01,1.931845e+02,5.552383e+01,6.065683e+01,5.660330e+01,5.371941e+01,5.229226e+01,5.639794e+01,5.658541e+01,1.302141e+02,9.085000e+01,4.196700e+02,9.030318e+01,1.262581e+02,1.187026e+02,1.164931e+02,9.391733e+01,1.947094e+02,5.654687e+01,9.420179e+01,1.390551e+02,5.860680e+01,1.871106e+02,4.882694e+01,1.906152e+02,2.157698e+02,1.158980e+02,9.750150e+01,4.698462e+01,1.899235e+02,8.809195e+01,2.069267e+02,1.069698e+02,5.795956e+01,2.249645e+02,5.130228e+01,5.714134e+01,8.922940e+01,5.216484e+01,1.745347e+02,6.134643e+01,7.347217e+01,2.098569e+02,5.716284e+01,2.422556e+02,2.967657e+02,5.444359e+01,5.683474e+01,6.537787e+01,1.164429e+02,1.611104e+02,5.058126e+01,1.820785e+02,7.934799e+01,1.039369e+02,8.451200e+01,1.771426e+02,5.970532e+01,5.871611e+01,2.363519e+02,9.482666e+01,5.143073e+01,1.535047e+02,4.821752e+01,1.386248e+02,3.297375e+02,5.016373e+01,5.776736e+01,5.916754e+01,3.458294e+02,4.919640e+01,1.022309e+02,2.753875e+02,1.435400e+02,6.578410e+01,3.053992e+02,7.333287e+01,1.099418e+02,4.834115e+01,6.659400e+01,8.002816e+01,1.961466e+02,5.685039e+01
1.621421e+02,1.546212e+02,5.673667e+01,7.427048e+01,6.627708e+01,7.143028e+01,7.218580e+01,6.891247e+01,6.135391e+01,6.708403e+01,6.331871e+01,6.867740e+01,6.637227e+01,5.696133e+01,6.032303e+01,5.898350e+01,0.000000e+00,4.995340e+01,8.851859e+01,7.014720e+01,5.737250e+01,6.716777e+01,6.420114e+01,9.348246e+01,1.096203e+02,5.836077e+01,6.024395e+01,7.296194e+01,7.153720e+01,1.514815e+02,8.795122e+01,8.793158e+01,8.462175e+01,8.496970e+01,1.913065e+02,6.906587e+01,6.903752e+01,6.319596e+01,6.201025e+01,5.569935e+01,6.728843e+01,7.099915e+01,1.262027e+02,9.351986e+01,4.168895e+02,9.234815e+01,1.235860e+02,1.189491e+02,1.143198e+02,9.585295e+01,1.945591e+02,6.971767e+01,9.701077e+01,1.389070e+02,6.535895e+01,1.887674e+02,5.945131e+01,1.913649e+02,2.138067e+02,1.122842e+02,9.621925e+01,5.572328e+01,1.910817e+02,9.205071e+01,2.065011e+02,1.094423e+02,5.943963e+01,2.231266e+02,6.277923e+01,6.267701e+01,8.274834e+01,7.043966e+01,1.724822e+02,6.355395e+01,7.390669e+01,2.071832e+02,6.562671e+01,2.407308e+02,2.974461e+02,6.732142e+01,6.890780e+01,7.542443e+01,1.160344e+02,1.605372e+02,5.987267e+01,1.784225e+02,7.912037e+01,1.055782e+02,8.598768e+01,1.755056e+02,6.749581e+01,6.982457e+01,2.362926e+02,9.673451e+01,5.801846e+01,1.519165e+02,5.583546e+01,1.354995e+02,3.285202e+02,6.040800e+01,6.004930e+01,6.422622e+01,3.454435e+02,6.394508e+01,1.109462e+02,2.735313e+02,1.394369e+02,7.198346e+01,3.041193e+02,7.439700e+01,1.037072e+02,6.235148e+01,6.695047e+01,9.392576e+01,1.932377e+02,6.847336e+01
1.610004e+02,1.541799e+02,5.869584e+01,7.143545e+01,6.707160e+01,6.849874e+01,7.295603e+01,6.636755e+01,5.581304e+01,6.345093e+01,5.813717e+01,6.556703e+01,6.987384e+01,6.214765e+01,6.201312e+01,4.994174e+01,4.995340e+01,0.000000e+00,8.907851e+01,6.878748e+01,5.594782e+01,6.388804e+01,6.254834e+01,9.116903e+01,1.066544e+02,5.416957e+01,5.633703e+01,7.168727e+01,6.924169e+01,1.500356e+02,8.312671e+01,8.775621e+01,8.209677e+01,8.242615e+01,1.908937e+02,6.278442e+01,6.354370e+01,6.065285e+01,5.758000e+01,5.571290e+01,6.255923e+01,6.799950e+01,1.269034e+02,9.361404e+01,4.146283e+02,8.969445e+01,1.234376e+02,1.202116e+02,1.136243e+02,9.314266e+01,1.921209e+02,6.382873e+01,9.666455e+01,1.373739e+02,6.108786e+01,1.861913e+02,5.956921e+01,1.895751e+02,2.116548e+02,1.130946e+02,9.714013e+01,5.434818e+01,1.900902e+02,9.213722e+01,2.045656e+02,1.084740e+02,6.032893e+01,2.213670e+02,6.077645e+01,6.083735e+01,8.751377e+01,6.206053e+01,1.707134e+02,6.220812e+01,7.667716e+01,2.061037e+02,6.092466e+01,2.392827e+02,2.960959e+02,6.211784e+01,6.333041e+01,7.258814e+01,1.170149e+02,1.593868e+02,5.401532e+01,1.781344e+02,7.385372e+01,9.961782e+01,8.660713e+01,1.744251e+02,6.238793e+01,6.303043e+01,2.348645e+02,9.471108e+01,5.910289e+01,1.516842e+02,5.285681e+01,1.343433e+02,3.267051e+02,5.858578e+01,5.965018e+01,6.484921e+01,3.437689e+02,5.618083e+01,1.052802e+02,2.711338e+02,1.399443e+02,7.130655e+01,3.027605e+02,7.337733e+01,1.071234e+02,5.993098e+01,6.778430e+01,8.660522e+01,1.912636e+02,6.440642e+01
1.266790e+02,1.181069e+02,8.426494e+01,8.449331e+01,8.876185e+01,8.854500e+01,7.383055e+01,8.981558e+01,8.320033e+01,8.177767e+01,9.426899e+01,8.969361e+01,9.986997e+01,9.314882e+01,8.453147e+01,8.762624e+01,8.851859e+01,8.907851e+01,0.000000e+00,9.647394e+01,8.223570e+01,9.838130e+01,1.020572e+02,8.899595e+01,9.202183e+01,9.235883e+01,8.956928e+01,8.283011e+01,9.823559e+01,1.023980e+02,9.487065e+01,8.356264e+01,8.699089e+01,8.792628e+01,1.457772e+02,8.785200e+01,8.787790e+01,9.668715e+01,9.532377e+01,8.189640e+01,8.475964e+01,8.681750e+01,7.400653e+01,4.583125e+01,3.734379e+02,5.105399e+01,6.738161e+01,7.729971e+01,6.089608e+01,5.200796e+01,1.502546e+02,9.361384e+01,4.752957e+01,8.889339e+01,8.305820e+01,1.438273e+02,8.176545e+01,1.482116e+02,1.675498e+02,6.309744e+01,5.322212e+01,8.857499e+01,1.495280e+02,4.793379e+01,1.680204e+02,6.398193e+01,9.553071e+01,1.770247e+02,8.976512e+01,8.134675e+01,7.010170e+01,8.593917e+01,1.204472e+02,9.131955e+01,9.939946e+01,1.601567e+02,8.529551e+01,1.971968e+02,2.567543e+02,8.768929e+01,8.799273e+01,8.635650e+01,6.889035e+01,1.109578e+02,8.989536e+01,1.271525e+02,9.536562e+01,1.130157e+02,4.705252e+01,1.226277e+02,9.520579e+01,8.508607e+01,1.930665e+02,4.244420e+01,1.000513e+02,1.003663e+02,9.184043e+01,9.691067e+01,2.858837e+02,8.136070e+01,9.273383e+01,9.747553e+01,3.046107e+02,8.942401e+01,1.107419e+02,2.336899e+02,8.233236e+01,8.505698e+01,2.626264e+02,8.139504e+01,5.805505e+01,9.789524e+01,8.112169e+01,1.036585e+02,1.486845e+02,8.222998e+01
1.890179e+02,1.808089e+02,6.741268e+01,8.582812e+01,5.876334e+01,5.618787e+01,8.087272e+01,6.447536e+01,7.558282e+01,8.546221e+01,5.680301e+01,7.332803e+01,5.282412e+01,5.533910e+01,7.826815e+01,6.396077e+01,7.014720e+01,6.878748e+01,9.647394e+01,0.000000e+00,6.038577e+01,5.172511e+01,4.998601e+01,1.053153e+02,1.320234e+02,6.919600e+01,6.572666e+01,6.572200e+01,5.515751e+01,1.759051e+02,8.271946e+01,1.102961e+02,8.791892e+01,8.393728e+01,2.228936e+02,6.127695e+01,5.588387e+01,5.114614e+01,5.294238e+01,6.922703e+01,8.516890e+01,8.299230e+01,1.493699e+02,1.132351e+02,4.504567e+02,1.148007e+02,1.386246e+02,1.496737e+02,1.317362e+02,1.180769e+02,2.261842e+02,8.342524e+01,1.080534e+02,1.643120e+02,6.031240e+01,2.192045e+02,6.284437e+01,2.234887e+02,2.439811e+02,1.306263e+02,1.206891e+02,6.408813e+01,2.247489e+02,1.128250e+02,2.426005e+02,1.339606e+02,5.439840e+01,2.545585e+02,8.262327e+01,6.937432e+01,8.242123e+01,7.522154e+01,1.953308e+02,4.645099e+01,5.623327e+01,2.377459e+02,6.709026e+01,2.725116e+02,3.316205e+02,8.069914e+01,8.287833e+01,9.372204e+01,1.384436e+02,1.840036e+02,6.883435e+01,2.045724e+02,1.102330e+02,1.362083e+02,1.037411e+02,1.988992e+02,5.461496e+01,6.224334e+01,2.687898e+02,1.049118e+02,5.473061e+01,1.755290e+02,6.244676e+01,1.710161e+02,3.620023e+02,7.209772e+01,5.208664e+01,5.557654e+01,3.798070e+02,7.446084e+01,1.330524e+02,3.094009e+02,1.557770e+02,8.441672e+01,3.372859e+02,7.671713e+01,1.129000e+02,5.652544e+01,7.820339e+01,1.093002e+02,2.185017e+02,8.445085e+01
1.568268e+02,1.500383e+02,5.008124e+01,6.054697e+01,5.616034e+01,6.486733e+01,6.126656e+01,5.515849e+01,5.617673e+01,5.858534e+01,5.794519e+01,5.203417e+01,7.060982e+01,6.383568e+01,5.563033e+01,5.127880e+01,5.737250e+01,5.594782e+01,8.223570e+01,6.038577e+01,0.000000e+00,6.474256e+01,6.472642e+01,8.925172e+01,1.034802e+02,5.221904e+01,5.836769e+01,6.701889e+01,6.778147e+01,1.400852e+02,8.200518e+01,8.575441e+01,7.374447e+01,8.063803e+01,1.902071e+02,5.409366e+01,5.218451e+01,6.308323e+01,5.849113e+01,5.584257e+01,5.776612e+01,5.640203e+01,1.279665e+02,8.986681e+01,4.139961e+02,9.366227e+01,1.200046e+02,1.185467e+02,1.181650e+02,9.424176e+01,1.900955e+02,5.948263e+01,9.176031e+01,1.384168e+02,5.122372e+01,1.843671e+02,5.210116e+01,1.870564e+02,2.092091e+02,1.095011e+02,9.697625e+01,5.223598e+01,1.876740e+02,8.754892e+01,2.018405e+02,1.055154e+02,6.367513e+01,2.224886e+02,5.769643e+01,4.589915e+01,9.365315e+01,5.531837e+01,1.673507e+02,6.012472e+01,7.391103e+01,2.060149e+02,5.403006e+01,2.342718e+02,2.904734e+02,5.496946e+01,5.655231e+01,6.427263e+01,1.100645e+02,1.548376e+02,5.271863e+01,1.763465e+02,7.568891e+01,9.895535e+01,8.709332e+01,1.690948e+02,6.204762e+01,4.946865e+01,2.322853e+02,9.153498e+01,5.693914e+01,1.467084e+02,5.617919e+01,1.360324e+02,3.238152e+02,5.549517e+01,6.116179e+01,6.631099e+01,3.395804e+02,5.414983e+01,9.352379e+01,2.711982e+02,1.440141e+02,5.921466e+01,2.985039e+02,6.618352e+01,1.139756e+02,5.499396e+01,6.247788e+01,7.548869e+01,1.868347e+02,5.727640e+01
1.882465e+02,1.795969e+02,6.301809e+01,8.715955e+01,6.372406e+01,5.974808e+01,8.237378e+01,6.897813e+01,7.122392e+01,7.965811e+01,5.201830e+01,6.547832e+01,5.010343e+01,4.758553e+01,7.184398e+01,5.809581e+01,6.716777e+01,6.388804e+01,9.838130e+01,5.172511e+01,6.474256e+01,0.000000e+00,4.804536e+01,1.058694e+02,1.323873e+02,6.058908e+01,5.964232e+01,6.968541e+01,5.773714e+01,1.726873e+02,8.416786e+01,1.104058e+02,9.070312e+01,8.551362e+01,2.178702e+02,6.028714e+01,6.132427e+01,4.556781e+01,4.642096e+01,6.174529e+01,7.826400e+01,7.554145e+01,1.451694e+02,1.083075e+02,4.486484e+02,1.072254e+02,1.386738e+02,1.430915e+02,1.281172e+02,1.103439e+02,2.210846e+02,7.693593e+01,1.083739e+02,1.576818e+02,6.335085e+01,2.139839e+02,5.583296e+01,2.189564e+02,2.422094e+02,1.311653e+02,1.165004e+02,5.826867e+01,2.198035e+02,1.081145e+02,2.376493e+02,1.266111e+02,4.997302e+01,2.504110e+02,7.729365e+01,6.979068e+01,8.050491e+01,7.110792e+01,1.954532e+02,5.155659e+01,6.198103e+01,2.344557e+02,6.713217e+01,2.699111e+02,3.276282e+02,7.791628e+01,8.012489e+01,8.780448e+01,1.373726e+02,1.838189e+02,6.268387e+01,2.036540e+02,1.074661e+02,1.335546e+02,9.760117e+01,1.983333e+02,6.102139e+01,6.490158e+01,2.647690e+02,1.043615e+02,5.093582e+01,1.747424e+02,5.491665e+01,1.652357e+02,3.586832e+02,6.639866e+01,4.925578e+01,4.982286e+01,3.757686e+02,6.955107e+01,1.293913e+02,3.056021e+02,1.545019e+02,8.070139e+01,3.342942e+02,7.955589e+01,1.087265e+02,4.910406e+01,7.853875e+01,1.044976e+02,2.173184e+02,7.981442e+01
1.920088e+02,1.835478e+02,6.510040e+01,9.002504e+01,6.398999e+01,6.223326e+01,8.612848e+01,7.103210e+01,7.407285e+01,8.319354e+01,5.384435e+01,6.960093e+01,4.862057e+01,5.082956e+01,7.479696e+01,5.775871e+01,6.420114e+01,6.254834e+01,1.020572e+02,4.998601e+01,6.472642e+01,4.804536e+01,0.000000e+00,1.085033e+02,1.356571e+02,6.016509e+01,5.974127e+01,7.175763e+01,6.136683e+01,1.802053e+02,8.528203e+01,1.134012e+02,9.184416e+01,8.669034e+01,2.235110e+02,6.668620e+01,6.221420e+01,4.254179e+01,4.434245e+01,6.655697e+01,8.267225e+01,7.858367e+01,1.501278e+02,1.109668e+02,4.532631e+02,1.120304e+02,1.432779e+02,1.477850e+02,1.327338e+02,1.174966e+02,2.269181e+02,8.037214e+01,1.135364e+02,1.637141e+02,6.641454e+01,2.201229e+02,6.153093e+01,2.247596e+02,2.473908e+02,1.356351e+02,1.204163e+02,5.746742e+01,2.259876e+02,1.100479e+02,2.447897e+02,1.336449e+02,5.160213e+01,2.546183e+02,7.727310e+01,7.519829e+01,8.131266e+01,7.477375e+01,2.000641e+02,5.113358e+01,6.461147e+01,2.379439e+02,6.996746e+01,2.760064e+02,3.347815e+02,7.903436e+01,8.142182e+01,9.332451e+01,1.429512e+02,1.891273e+02,6.382498e+01,2.082209e+02,1.096077e+02,1.377384e+02,9.992877e+01,2.031364e+02,5.847716e+01,6.614304e+01,2.706713e+02,1.092949e+02,4.748361e+01,1.802281e+02,5.492839e+01,1.706673e+02,3.643728e+02,7.006514e+01,4.855491e+01,4.980603e+01,3.829481e+02,6.751493e+01,1.346371e+02,3.116347e+02,1.564651e+02,8.707105e+01,3.404909e+02,8.218946e+01,1.121973e+02,4.399394e+01,8.118643e+01,1.086324e+02,2.219629e+02,8.400200e+01
1.186622e+02,1.128439e+02,8.270155e+01,7.867431e+01,8.669114e+01,8.689475e+01,7.154104e+01,8.571384e+01,8.018039e+01,8.022444e+01,1.002329e+02,9.133734e+01,1.069617e+02,9.871155e+01,9.079493e+01,9.439099e+01,9.348246e+01,9.116903e+01,8.899595e+01,1.053153e+02,8.925172e+01,1.058694e+02,1.085033e+02,0.000000e+00,7.482931e+01,9.505952e+01,8.584442e+01,7.629686e+01,9.619334e+01,1.258669e+02,5.997775e+01,6.400573e+01,6.517932e+01,5.598541e+01,1.768059e+02,9.094900e+01,9.231727e+01,1.010835e+02,9.920225e+01,8.493409e+01,8.537820e+01,8.943275e+01,1.190841e+02,9.234496e+01,3.860020e+02,9.920578e+01,1.100810e+02,1.145849e+02,1.136841e+02,9.878015e+01,1.718592e+02,9.866491e+01,8.664826e+01,1.282719e+02,8.277542e+01,1.720395e+02,8.694791e+01,1.713243e+02,1.922834e+02,8.847444e+01,9.597182e+01,9.110520e+01,1.719689e+02,9.294552e+01,1.847154e+02,1.048315e+02,9.654779e+01,2.058492e+02,9.036301e+01,8.758684e+01,1.018407e+02,9.459540e+01,1.420646e+02,1.003624e+02,9.487661e+01,1.909969e+02,8.247454e+01,2.156799e+02,2.653936e+02,8.656258e+01,8.678501e+01,8.795229e+01,1.029670e+02,1.397992e+02,9.153837e+01,1.582107e+02,9.606409e+01,1.074692e+02,9.274075e+01,1.484482e+02,9.209137e+01,8.994774e+01,2.114904e+02,8.616534e+01,1.061153e+02,1.351519e+02,9.791760e+01,1.309944e+02,3.001981e+02,8.748802e+01,9.721957e+01,1.042945e+02,3.134179e+02,8.986951e+01,1.018239e+02,2.474748e+02,1.233206e+02,8.275965e+01,2.721157e+02,6.897678e+01,1.054667e+02,1.032395e+02,6.948201e+01,9.992907e+01,1.417669e+02,8.736182e+01
8.929540e+01,8.366512e+01,1.007282e+02,8.417881e+01,1.068274e+02,1.146374e+02,7.988837e+01,1.014744e+02,9.320974e+01,9.065255e+01,1.214092e+02,1.050358e+02,1.345634e+02,1.251504e+02,1.000186e+02,1.096095e+02,1.096203e+02,1.066544e+02,9.202183e+01,1.320234e+02,1.034802e+02,1.323873e+02,1.356571e+02,7.482931e+01,0.000000e+00,1.121660e+02,1.091284e+02,1.010964e+02,1.234195e+02,9.630191e+01,1.026006e+02,5.632496e+01,7.794153e+01,9.371726e+01,1.469851e+02,1.066168e+02,1.116745e+02,1.302520e+02,1.269830e+02,1.034215e+02,9.255596e+01,9.682843e+01,1.075280e+02,8.621356e+01,3.434493e+02,9.402602e+01,1.025685e+02,9.435222e+01,1.077588e+02,9.127342e+01,1.385452e+02,1.049640e+02,8.517775e+01,1.095082e+02,1.005050e+02,1.401992e+02,1.057829e+02,1.359379e+02,1.579593e+02,7.648982e+01,8.675336e+01,1.090617e+02,1.388031e+02,8.728846e+01,1.490959e+02,9.063424e+01,1.242763e+02,1.739683e+02,9.939501e+01,9.786935e+01,1.272149e+02,1.033312e+02,1.141838e+02,1.258404e+02,1.264088e+02,1.602359e+02,9.984552e+01,1.768787e+02,2.239943e+02,9.192591e+01,9.196041e+01,9.580360e+01,8.304696e+01,1.098456e+02,1.065480e+02,1.312972e+02,9.347127e+01,9.570834e+01,9.114463e+01,1.183145e+02,1.177532e+02,1.046731e+02,1.750784e+02,8.758117e+01,1.285277e+02,1.123170e+02,1.163059e+02,1.066327e+02,2.592401e+02,9.757868e+01,1.219529e+02,1.291473e+02,2.707592e+02,1.018145e+02,8.693991e+01,2.096609e+02,1.198420e+02,9.001229e+01,2.301133e+02,8.764203e+01,1.180077e+02,1.256503e+02,8.761387e+01,9.521469e+01,1.105307e+02,9.240805e+01
1.646848e+02,1.569637e+02,4.817573e+01,6.979941e+01,6.529694e+01,7.263741e+01,7.218978e+01,6.419686e+01,5.268402e+01,5.644653e+01,5.225899e+01,4.834790e+01,6.634273e+01,5.878080e+01,5.050049e+01,4.853445e+01,5.836077e+01,5.416957e+01,9.235883e+01,6.919600e+01,5.221904e+01,6.058908e+01,6.016509e+01,9.505952e+01,1.121660e+02,0.000000e+00,5.711254e+01,7.629392e+01,7.350076e+01,1.479163e+02,8.852575e+01,9.657873e+01,8.347767e+01,8.610888e+01,1.926173e+02,6.059612e+01,6.369422e+01,5.860553e+01,5.295644e+01,5.358966e+01,5.779695e+01,5.305604e+01,1.317845e+02,9.272700e+01,4.200421e+02,9.200938e+01,1.289097e+02,1.181347e+02,1.207135e+02,9.435796e+01,1.905790e+02,4.975338e+01,1.012898e+02,1.386600e+02,6.336400e+01,1.847243e+02,5.153679e+01,1.890234e+02,2.164748e+02,1.200882e+02,9.754960e+01,4.343351e+01,1.899873e+02,8.856139e+01,2.051899e+02,1.049486e+02,6.132052e+01,2.254825e+02,5.129926e+01,5.826019e+01,9.507848e+01,5.399364e+01,1.776794e+02,6.619991e+01,8.046938e+01,2.107485e+02,6.199234e+01,2.415388e+02,2.946476e+02,5.088296e+01,5.228045e+01,6.156633e+01,1.182575e+02,1.627589e+02,4.191198e+01,1.839033e+02,7.711602e+01,1.001223e+02,8.398074e+01,1.787072e+02,6.675643e+01,6.125429e+01,2.350001e+02,9.948904e+01,4.852641e+01,1.545785e+02,4.628075e+01,1.360890e+02,3.287238e+02,5.236374e+01,5.785027e+01,5.825730e+01,3.441226e+02,4.302196e+01,9.784603e+01,2.752501e+02,1.475119e+02,6.602071e+01,3.043048e+02,7.786662e+01,1.141730e+02,4.944405e+01,6.949356e+01,7.366353e+01,1.957613e+02,5.305376e+01
