0.000000e+00,4.134477e+01,1.316819e+02,1.268690e+02,1.165600e+02,1.332161e+02,1.239617e+02,1.365039e+02,1.190773e+02,1.318785e+02,1.499092e+02,1.426814e+02,1.730964e+02,1.447082e+02,1.514019e+02,1.543235e+02,1.365002e+02,1.325852e+02,1.839161e+02,1.572032e+02,1.376679e+02,1.833609e+02,1.538527e+02,1.310206e+02,1.119978e+02,1.589240e+02,1.299083e+02,1.528507e+02,1.328763e+02,1.708807e+02,1.844987e+02,1.341066e+02,1.693779e+02,1.760175e+02,3.321609e+02,1.568240e+02,1.295580e+02,1.529123e+02,1.578339e+02,1.492416e+02,1.450759e+02,1.521114e+02,2.636934e+02,1.761093e+02,7.607721e+02,1.935123e+02,2.356074e+02,1.812469e+02,2.273083e+02,1.970515e+02,2.738089e+02,1.592927e+02,1.791190e+02,2.755940e+02,1.167544e+02,2.746751e+02,1.605796e+02,2.764680e+02,4.037793e+02,1.608451e+02,1.820217e+02,1.462268e+02,3.003641e+02,1.907643e+02,2.932011e+02,1.716917e+02,1.408160e+02,3.550466e+02,1.354782e+02,1.528097e+02,1.620129e+02,1.553830e+02,2.173137e+02,1.431796e+02,1.404405e+02,3.205228e+02,1.131658e+02,3.550246e+02,3.822174e+02,1.471526e+02,1.405544e+02,1.468043e+02,2.003722e+02,2.815334e+02,1.545807e+02,3.519626e+02,1.583967e+02,1.591816e+02,1.754395e+02,2.685626e+02,1.188055e+02,1.332887e+02,3.030049e+02,1.832727e+02,1.577476e+02,2.289382e+02,1.407245e+02,2.550284e+02,6.072118e+02,1.537576e+02,1.541782e+02,1.881113e+02,3.896239e+02,1.560830e+02,1.158147e+02,4.334163e+02,3.100028e+02,1.403625e+02,5.122180e+02,1.206519e+02,1.999450e+02,1.549060e+02,9.930303e+01,1.486596e+02,5.937097e+01,1.417620e+02
4.134477e+01,0.000000e+00,1.223561e+02,1.160934e+02,1.118455e+02,1.215599e+02,1.140247e+02,1.259383e+02,1.155007e+02,1.252103e+02,1.419734e+02,1.354791e+02,1.608815e+02,1.359891e+02,1.422482e+02,1.444317e+02,1.315829e+02,1.271849e+02,1.828914e+02,1.473342e+02,1.298253e+02,1.709727e+02,1.462591e+02,1.201661e+02,9.958768e+01,1.497969e+02,1.201906e+02,1.402889e+02,1.224522e+02,1.694138e+02,1.726860e+02,1.210574e+02,1.558063e+02,1.636697e+02,3.368455e+02,1.452646e+02,1.222485e+02,1.434087e+02,1.478539e+02,1.389832e+02,1.353592e+02,1.417230e+02,2.667091e+02,1.735555e+02,7.691536e+02,1.920119e+02,2.376596e+02,1.789818e+02,2.266053e+02,1.960904e+02,2.781540e+02,1.508049e+02,1.796370e+02,2.794688e+02,1.088015e+02,2.784650e+02,1.490102e+02,2.806295e+02,4.104469e+02,1.595378e+02,1.810189e+02,1.362565e+02,3.057648e+02,1.919058e+02,3.001585e+02,1.682785e+02,1.310797e+02,3.593509e+02,1.306009e+02,1.406447e+02,1.564267e+02,1.461827e+02,2.170875e+02,1.351251e+02,1.281407e+02,3.242245e+02,1.121255e+02,3.615996e+02,3.889007e+02,1.367331e+02,1.311043e+02,1.379780e+02,2.031530e+02,2.873356e+02,1.430723e+02,3.580275e+02,1.641800e+02,1.663113e+02,1.731649e+02,2.730720e+02,1.116311e+02,1.249727e+02,3.070815e+02,1.849977e+02,1.483257e+02,2.297936e+02,1.340628e+02,2.602178e+02,6.152110e+02,1.418790e+02,1.439099e+02,1.759058e+02,3.956502e+02,1.457396e+02,1.146634e+02,4.401726e+02,3.144129e+02,1.289268e+02,5.200553e+02,1.086274e+02,1.955771e+02,1.466269e+02,9.443033e+01,1.392945e+02,6.261618e+01,1.321213e+02
1.316819e+02,1.223561e+02,0.000000e+00,5.201841e+01,5.749802e+01,6.003260e+01,5.650311e+01,5.706859e+01,6.212413e+01,4.326625e+01,4.933185e+01,3.843485e+01,6.871739e+01,3.715168e+01,4.088885e+01,4.291818e+01,5.749643e+01,6.974321e+01,2.100500e+02,5.271488e+01,4.285488e+01,7.605885e+01,4.134729e+01,8.534043e+01,8.356976e+01,4.361638e+01,4.615749e+01,8.099515e+01,5.348150e+01,2.013770e+02,1.149112e+02,8.517405e+01,9.694985e+01,1.078574e+02,3.842274e+02,5.759804e+01,4.997011e+01,4.287455e+01,4.548111e+01,4.590366e+01,3.551334e+01,4.214664e+01,3.087709e+02,1.970506e+02,8.388531e+02,2.119337e+02,2.811655e+02,2.028702e+02,2.638572e+02,2.182555e+02,3.233254e+02,4.386586e+01,2.158407e+02,3.188112e+02,4.843739e+01,3.204766e+02,5.538991e+01,3.232882e+02,4.655591e+02,2.076904e+02,2.079541e+02,3.854246e+01,3.489608e+02,2.166962e+02,3.457734e+02,1.870524e+02,3.662179e+01,4.107523e+02,6.226056e+01,5.027697e+01,1.742566e+02,4.438660e+01,2.671111e+02,4.669048e+01,6.568777e+01,3.746561e+02,7.581207e+01,4.142412e+02,4.432647e+02,4.297585e+01,3.709051e+01,4.125115e+01,2.429482e+02,3.371470e+02,4.461101e+01,4.131384e+02,1.544888e+02,1.612337e+02,1.932756e+02,3.281062e+02,5.072635e+01,4.676275e+01,3.545175e+02,2.228907e+02,4.289306e+01,2.711239e+02,4.289240e+01,2.974741e+02,6.800733e+02,5.296247e+01,4.703976e+01,8.876814e+01,4.528531e+02,5.250682e+01,5.559189e+01,4.982407e+02,3.649199e+02,5.244606e+01,5.857770e+02,6.639821e+01,2.286390e+02,3.861137e+01,5.830309e+01,3.938566e+01,1.625037e+02,3.258406e+01
1.268690e+02,1.160934e+02,5.201841e+01,0.000000e+00,5.110691e+01,4.181521e+01,4.534035e+01,3.789418e+01,8.164275e+01,6.802578e+01,6.981745e+01,6.192052e+01,7.055478e+01,6.015790e+01,6.161606e+01,5.449435e+01,7.684565e+01,8.285902e+01,2.165026e+02,5.441551e+01,5.359683e+01,7.737512e+01,6.198252e+01,7.483181e+01,6.754407e+01,6.499276e+01,4.814300e+01,6.321701e+01,4.144872e+01,2.018762e+02,9.803417e+01,6.945371e+01,8.227129e+01,9.316707e+01,3.911063e+02,4.544457e+01,5.443298e+01,5.912082e+01,6.179255e+01,6.238468e+01,5.691107e+01,5.486070e+01,3.142728e+02,2.039749e+02,8.470072e+02,2.238885e+02,2.818712e+02,2.102387e+02,2.659001e+02,2.300615e+02,3.297548e+02,6.590924e+01,2.155696e+02,3.268487e+02,4.438856e+01,3.272657e+02,6.107770e+01,3.303531e+02,4.734304e+02,2.026219e+02,2.151028e+02,5.489128e+01,3.574389e+02,2.252934e+02,3.575044e+02,1.929602e+02,5.432785e+01,4.158677e+02,8.200143e+01,5.233556e+01,1.763682e+02,5.719601e+01,2.640734e+02,5.219517e+01,4.726931e+01,3.773988e+02,8.137382e+01,4.194292e+02,4.512666e+02,5.021617e+01,5.207330e+01,6.157343e+01,2.458602e+02,3.395469e+02,5.725791e+01,4.169880e+02,1.682077e+02,1.743588e+02,2.021284e+02,3.284156e+02,4.130883e+01,4.955548e+01,3.622751e+02,2.241217e+02,5.991503e+01,2.710519e+02,7.111013e+01,3.085464e+02,6.895759e+02,5.673581e+01,6.204129e+01,8.303642e+01,4.583319e+02,5.830426e+01,6.735646e+01,5.064461e+02,3.695906e+02,3.622533e+01,5.920239e+02,4.554666e+01,2.276687e+02,5.990137e+01,5.202211e+01,5.504519e+01,1.589561e+02,5.868591e+01
1.165600e+02,1.118455e+02,5.749802e+01,5.110691e+01,0.000000e+00,6.647531e+01,5.611400e+01,5.932318e+01,7.127461e+01,7.155440e+01,7.225909e+01,6.368747e+01,9.727619e+01,7.047848e+01,7.770161e+01,7.266737e+01,7.340308e+01,7.618858e+01,2.008906e+02,7.309495e+01,5.400302e+01,1.050160e+02,7.237855e+01,9.805300e+01,8.636126e+01,7.970317e+01,6.270155e+01,9.680109e+01,5.591109e+01,1.898330e+02,1.354465e+02,9.555196e+01,1.180713e+02,1.282202e+02,3.708700e+02,7.383404e+01,5.647206e+01,7.464052e+01,7.870898e+01,7.777477e+01,7.222313e+01,7.018507e+01,2.976131e+02,1.906062e+02,8.178438e+02,2.081401e+02,2.691616e+02,1.981887e+02,2.556332e+02,2.131961e+02,3.115663e+02,7.896994e+01,2.008977e+02,3.079083e+02,4.794894e+01,3.092758e+02,8.475746e+01,3.115603e+02,4.490344e+02,1.946875e+02,2.011082e+02,6.582719e+01,3.358525e+02,2.075166e+02,3.310878e+02,1.834001e+02,6.321227e+01,3.978783e+02,6.491756e+01,7.407893e+01,1.732478e+02,7.094620e+01,2.564661e+02,6.113874e+01,7.471303e+01,3.628428e+02,5.767095e+01,3.977159e+02,4.273365e+02,6.985528e+01,6.453453e+01,7.404091e+01,2.258344e+02,3.198408e+02,7.599216e+01,3.959848e+02,1.376054e+02,1.423119e+02,1.891357e+02,3.110220e+02,4.698520e+01,5.898396e+01,3.417183e+02,2.079229e+02,7.089594e+01,2.597587e+02,7.293868e+01,2.853171e+02,6.611499e+02,8.013142e+01,8.172404e+01,1.157713e+02,4.374959e+02,8.213937e+01,5.166187e+01,4.810689e+02,3.530498e+02,6.252910e+01,5.641135e+02,6.809742e+01,2.258514e+02,6.968001e+01,4.664645e+01,6.755395e+01,1.463508e+02,6.746596e+01
1.332161e+02,1.215599e+02,6.003260e+01,4.181521e+01,6.647531e+01,0.000000e+00,3.596737e+01,4.103621e+01,9.554654e+01,7.839529e+01,7.724000e+01,6.960948e+01,5.873595e+01,6.284085e+01,6.541527e+01,5.882180e+01,9.078014e+01,9.952883e+01,2.276018e+02,5.233480e+01,6.663711e+01,6.509134e+01,6.719204e+01,6.491246e+01,6.115035e+01,6.580195e+01,4.997410e+01,4.437892e+01,3.864818e+01,2.119483e+02,8.304510e+01,6.164330e+01,7.094898e+01,7.472737e+01,4.042192e+02,4.220902e+01,6.327765e+01,5.986715e+01,6.182541e+01,5.968914e+01,6.115169e+01,5.689000e+01,3.265034e+02,2.146616e+02,8.626726e+02,2.365530e+02,2.928541e+02,2.218928e+02,2.759388e+02,2.433805e+02,3.427759e+02,6.771337e+01,2.272466e+02,3.402760e+02,4.963236e+01,3.402449e+02,5.427255e+01,3.436883e+02,4.880461e+02,2.108832e+02,2.280729e+02,6.029675e+01,3.713621e+02,2.393291e+02,3.760920e+02,2.040672e+02,6.150269e+01,4.290426e+02,9.916303e+01,5.271510e+01,1.843788e+02,6.462013e+01,2.718955e+02,5.681245e+01,3.497965e+01,3.897711e+02,9.921343e+01,4.338241e+02,4.654256e+02,5.427244e+01,5.910292e+01,7.007324e+01,2.606946e+02,3.534152e+02,5.617766e+01,4.305399e+02,1.875068e+02,1.937559e+02,2.123527e+02,3.400543e+02,5.232083e+01,5.558135e+01,3.766013e+02,2.367749e+02,6.694983e+01,2.809978e+02,8.163593e+01,3.265924e+02,7.051306e+02,4.963220e+01,6.389847e+01,7.018250e+01,4.717968e+02,5.916269e+01,8.408479e+01,5.218932e+02,3.822037e+02,3.631604e+01,6.077923e+02,3.263797e+01,2.336535e+02,6.583697e+01,5.939082e+01,5.854157e+01,1.616479e+02,6.887025e+01
1.239617e+02,1.140247e+02,5.650311e+01,4.534035e+01,5.611400e+01,3.596737e+01,0.000000e+00,5.003278e+01,8.528723e+01,7.450635e+01,7.682928e+01,6.898151e+01,6.631959e+01,6.067369e+01,6.759535e+01,6.088158e+01,7.959942e+01,9.242143e+01,2.138758e+02,5.352351e+01,5.966194e+01,7.560877e+01,6.699367e+01,6.921560e+01,6.180544e+01,6.873897e+01,5.521024e+01,5.349400e+01,4.663344e+01,2.006891e+02,9.592408e+01,6.618509e+01,8.227191e+01,8.693388e+01,3.899699e+02,5.438295e+01,6.311637e+01,6.144652e+01,6.466789e+01,6.025407e+01,6.442936e+01,5.977621e+01,3.139056e+02,2.028636e+02,8.464925e+02,2.251624e+02,2.819298e+02,2.106637e+02,2.659231e+02,2.310375e+02,3.293775e+02,7.138763e+01,2.169152e+02,3.262499e+02,4.841971e+01,3.279178e+02,5.688341e+01,3.296286e+02,4.730034e+02,1.999595e+02,2.157293e+02,5.943186e+01,3.580007e+02,2.262271e+02,3.603328e+02,1.939924e+02,5.916191e+01,4.155831e+02,8.632989e+01,5.277154e+01,1.760216e+02,6.742309e+01,2.626151e+02,5.238441e+01,4.519236e+01,3.774969e+02,9.006433e+01,4.191372e+02,4.502326e+02,5.751503e+01,5.891897e+01,6.931059e+01,2.469379e+02,3.397930e+02,6.271512e+01,4.169253e+02,1.713306e+02,1.769419e+02,2.009639e+02,3.263380e+02,5.400950e+01,5.879714e+01,3.622294e+02,2.243085e+02,6.872564e+01,2.701243e+02,7.911330e+01,3.110105e+02,6.887031e+02,5.768361e+01,6.443478e+01,8.205265e+01,4.580266e+02,6.420192e+01,7.560983e+01,5.069953e+02,3.689608e+02,4.625892e+01,5.919615e+02,4.072254e+01,2.264742e+02,6.816878e+01,5.005631e+01,6.014521e+01,1.499270e+02,6.702082e+01
1.365039e+02,1.259383e+02,5.706859e+01,3.789418e+01,5.932318e+01,4.103621e+01,5.003278e+01,0.000000e+00,8.929833e+01,7.067206e+01,7.107603e+01,6.500029e+01,6.437813e+01,5.809735e+01,6.063585e+01,5.220503e+01,8.252089e+01,9.000943e+01,2.265390e+02,5.088903e+01,5.987240e+01,7.021276e+01,6.112271e+01,7.974305e+01,7.519881e+01,6.257148e+01,4.619634e+01,6.125649e+01,3.723263e+01,2.118502e+02,9.703575e+01,7.576868e+01,8.394412e+01,9.111341e+01,4.012197e+02,3.766239e+01,5.841598e+01,5.927688e+01,6.104772e+01,5.929854e+01,5.581082e+01,5.479465e+01,3.244065e+02,2.124810e+02,8.593318e+02,2.317317e+02,2.913814e+02,2.183311e+02,2.747742e+02,2.390278e+02,3.403326e+02,6.146523e+01,2.252411e+02,3.371226e+02,5.001626e+01,3.369693e+02,6.115762e+01,3.402143e+02,4.851102e+02,2.126559e+02,2.237582e+02,5.237376e+01,3.676700e+02,2.351395e+02,3.694005e+02,2.018627e+02,5.431389e+01,4.258901e+02,8.956641e+01,5.243273e+01,1.847723e+02,6.181850e+01,2.732226e+02,5.817816e+01,4.086590e+01,3.873555e+02,9.041629e+01,4.306176e+02,4.626807e+02,4.975032e+01,5.236747e+01,6.629337e+01,2.557321e+02,3.500414e+02,5.230894e+01,4.275503e+02,1.790634e+02,1.847600e+02,2.103379e+02,3.388747e+02,4.174528e+01,5.224801e+01,3.737598e+02,2.333877e+02,5.691076e+01,2.803470e+02,7.146606e+01,3.199509e+02,7.017435e+02,5.221913e+01,5.990739e+01,7.706259e+01,4.686815e+02,5.840191e+01,7.493215e+01,5.180608e+02,3.797887e+02,3.452842e+01,6.039942e+02,4.637332e+01,2.358238e+02,5.823136e+01,5.660652e+01,5.810845e+01,1.696219e+02,6.364029e+01
1.190773e+02,1.155007e+02,6.212413e+01,8.164275e+01,7.127461e+01,9.554654e+01,8.528723e+01,8.929833e+01,0.000000e+00,5.359232e+01,5.846210e+01,6.272799e+01,1.168926e+02,7.249338e+01,7.829501e+01,8.290868e+01,6.052535e+01,5.392797e+01,1.906552e+02,9.097462e+01,6.293384e+01,1.262971e+02,7.675447e+01,1.149006e+02,1.053023e+02,8.582485e+01,7.871381e+01,1.222173e+02,8.727274e+01,1.853439e+02,1.589971e+02,1.161940e+02,1.404549e+02,1.506252e+02,3.547383e+02,1.011254e+02,6.345283e+01,8.283356e+01,8.690557e+01,8.759337e+01,7.746351e+01,8.175588e+01,2.832579e+02,1.807282e+02,7.949547e+02,1.899207e+02,2.604145e+02,1.850293e+02,2.459809e+02,1.930121e+02,2.958232e+02,8.059055e+01,1.966352e+02,2.901647e+02,6.879782e+01,2.931872e+02,1.010686e+02,2.948162e+02,4.293873e+02,1.940412e+02,1.883347e+02,7.322770e+01,3.178347e+02,1.927340e+02,3.038497e+02,1.735232e+02,6.558113e+01,3.822647e+02,4.849018e+01,9.051875e+01,1.676375e+02,7.162846e+01,2.520579e+02,7.143190e+01,1.048769e+02,3.494747e+02,5.652844e+01,3.825147e+02,4.080748e+02,8.435255e+01,7.234005e+01,6.998897e+01,2.154048e+02,3.088151e+02,8.691224e+01,3.808741e+02,1.073090e+02,1.120320e+02,1.765983e+02,3.020718e+02,7.156162e+01,6.811367e+01,3.223018e+02,1.992343e+02,7.379143e+01,2.523963e+02,5.249882e+01,2.584728e+02,6.372700e+02,9.895953e+01,8.625304e+01,1.389181e+02,4.206739e+02,9.882866e+01,5.096611e+01,4.596937e+02,3.386791e+02,9.053683e+01,5.451623e+02,9.790796e+01,2.208012e+02,7.593781e+01,6.735747e+01,7.827128e+01,1.506274e+02,6.206871e+01
1.318785e+02,1.252103e+02,4.326625e+01,6.802578e+01,7.155440e+01,7.839529e+01,7.450635e+01,7.067206e+01,5.359232e+01,0.000000e+00,4.737752e+01,5.056517e+01,8.296750e+01,4.838851e+01,4.950818e+01,5.628279e+01,5.382217e+01,5.668161e+01,2.046526e+02,6.700390e+01,5.015906e+01,9.135824e+01,5.003771e+01,9.793737e+01,9.467668e+01,5.374075e+01,6.163292e+01,9.856482e+01,7.043894e+01,1.982801e+02,1.306156e+02,9.784048e+01,1.145298e+02,1.256453e+02,3.737877e+02,7.872841e+01,6.000379e+01,5.302711e+01,5.582790e+01,5.463451e+01,4.464632e+01,5.775229e+01,2.997102e+02,1.904033e+02,8.255751e+02,2.022884e+02,2.751818e+02,1.956473e+02,2.564143e+02,2.072665e+02,3.141204e+02,5.502817e+01,2.118003e+02,3.088067e+02,6.264422e+01,3.108482e+02,6.761371e+01,3.133962e+02,4.536561e+02,2.068198e+02,2.012151e+02,5.313245e+01,3.382230e+02,2.076699e+02,3.311547e+02,1.829573e+02,4.508941e+01,4.005147e+02,5.577454e+01,6.539672e+01,1.715185e+02,5.241161e+01,2.634512e+02,5.839838e+01,8.377844e+01,3.655014e+02,7.551324e+01,4.048355e+02,4.324808e+02,5.605336e+01,4.886286e+01,4.480668e+01,2.359362e+02,3.299359e+02,5.757889e+01,4.030089e+02,1.412454e+02,1.472378e+02,1.860266e+02,3.217187e+02,6.194585e+01,5.991513e+01,3.435065e+02,2.165788e+02,5.217855e+01,2.652043e+02,4.091899e+01,2.821440e+02,6.665752e+02,6.751325e+01,5.447825e+01,1.042412e+02,4.429881e+02,6.561124e+01,5.697710e+01,4.850296e+02,3.554754e+02,6.869483e+01,5.741663e+02,8.299687e+01,2.250007e+02,4.905283e+01,7.074325e+01,5.794904e+01,1.665983e+02,3.921987e+01
1.499092e+02,1.419734e+02,4.933185e+01,6.981745e+01,7.225909e+01,7.724000e+01,7.682928e+01,7.107603e+01,5.846210e+01,4.737752e+01,0.000000e+00,4.144580e+01,8.064712e+01,4.852531e+01,5.075023e+01,5.310116e+01,6.307963e+01,6.196159e+01,2.151857e+02,6.152456e+01,5.356705e+01,8.617474e+01,4.753934e+01,1.077594e+02,1.057311e+02,5.405145e+01,6.354220e+01,9.878112e+01,6.897980e+01,2.108505e+02,1.290089e+02,1.097586e+02,1.154554e+02,1.231002e+02,3.842122e+02,7.236775e+01,6.219023e+01,5.129804e+01,5.285957e+01,5.715371e+01,5.078712e+01,5.588671e+01,3.104186e+02,2.025559e+02,8.354412e+02,2.117062e+02,2.859137e+02,2.073926e+02,2.684097e+02,2.169403e+02,3.258002e+02,5.136204e+01,2.226426e+02,3.186699e+02,6.726035e+01,3.207960e+02,6.661526e+01,3.244461e+02,4.644030e+02,2.208255e+02,2.141809e+02,5.020280e+01,3.485204e+02,2.174988e+02,3.408607e+02,1.944485e+02,4.747996e+01,4.108277e+02,5.543781e+01,6.613698e+01,1.849853e+02,4.291521e+01,2.763975e+02,5.148431e+01,8.182446e+01,3.768400e+02,7.436246e+01,4.147727e+02,4.423665e+02,5.591773e+01,5.045495e+01,4.089405e+01,2.467092e+02,3.403359e+02,5.536294e+01,4.131237e+02,1.432576e+02,1.498817e+02,1.986855e+02,3.335394e+02,6.109942e+01,6.084724e+01,3.538583e+02,2.288141e+02,4.244653e+01,2.767375e+02,4.061763e+01,2.913297e+02,6.768782e+02,6.858154e+01,5.806343e+01,9.976471e+01,4.527537e+02,6.705678e+01,5.910143e+01,4.956088e+02,3.674519e+02,6.805730e+01,5.836778e+02,8.631145e+01,2.380182e+02,4.474549e+01,7.361315e+01,5.067020e+01,1.856370e+02,4.469046e+01
1.426814e+02,1.354791e+02,3.843485e+01,6.192052e+01,6.368747e+01,6.960948e+01,6.898151e+01,6.500029e+01,6.272799e+01,5.056517e+01,4.144580e+01,0.000000e+00,7.404511e+01,4.355934e+01,4.835115e+01,5.166539e+01,6.783139e+01,7.193767e+01,2.156515e+02,5.642924e+01,4.637830e+01,7.918135e+01,4.043524e+01,9.885538e+01,9.841660e+01,4.799783e+01,5.539794e+01,9.259142e+01,6.261610e+01,2.097135e+02,1.201388e+02,1.011659e+02,1.069011e+02,1.172111e+02,3.881426e+02,6.159745e+01,5.392882e+01,4.366812e+01,4.549566e+01,5.476371e+01,4.603317e+01,4.381618e+01,3.136733e+02,2.034342e+02,8.410234e+02,2.160052e+02,2.871821e+02,2.102907e+02,2.699814e+02,2.219577e+02,3.286946e+02,4.335523e+01,2.226497e+02,3.222102e+02,5.663447e+01,3.245398e+02,6.018879e+01,3.276655e+02,4.693646e+02,2.179054e+02,2.154807e+02,4.647961e+01,3.532600e+02,2.202572e+02,3.473885e+02,1.937885e+02,4.498203e+01,4.149288e+02,6.032012e+01,5.823794e+01,1.830085e+02,3.992234e+01,2.758540e+02,4.792329e+01,7.567859e+01,3.797941e+02,7.338659e+01,4.176634e+02,4.466379e+02,4.987623e+01,4.507294e+01,4.100103e+01,2.478258e+02,3.426148e+02,4.986331e+01,4.165718e+02,1.517765e+02,1.578928e+02,1.999724e+02,3.341265e+02,5.757119e+01,5.172949e+01,3.579611e+02,2.294457e+02,4.274705e+01,2.777486e+02,4.736242e+01,2.981483e+02,6.822356e+02,6.164234e+01,5.535330e+01,9.339456e+01,4.561029e+02,6.137348e+01,5.146193e+01,5.015289e+02,3.701093e+02,6.144117e+01,5.883844e+02,7.899208e+01,2.372251e+02,3.974806e+01,6.990779e+01,4.220194e+01,1.762317e+02,3.869326e+01
1.730964e+02,1.608815e+02,6.871739e+01,7.055478e+01,9.727619e+01,5.873595e+01,6.631959e+01,6.437813e+01,1.168926e+02,8.296750e+01,8.064712e+01,7.404511e+01,0.000000e+00,5.294721e+01,5.444271e+01,5.272341e+01,9.235107e+01,1.110242e+02,2.483346e+02,5.107955e+01,8.052370e+01,3.613256e+01,5.748847e+01,8.854670e+01,9.068445e+01,4.836830e+01,6.652266e+01,6.084805e+01,6.264910e+01,2.384154e+02,8.230274e+01,7.776920e+01,6.936877e+01,7.998836e+01,4.251863e+02,5.392471e+01,8.599745e+01,4.873982e+01,4.714755e+01,4.586955e+01,5.379257e+01,5.456150e+01,3.471461e+02,2.314166e+02,8.929954e+02,2.522272e+02,3.173007e+02,2.372560e+02,2.943261e+02,2.590486e+02,3.650434e+02,5.346660e+01,2.560768e+02,3.599017e+02,7.793864e+01,3.616895e+02,2.850264e+01,3.650497e+02,5.143355e+02,2.419908e+02,2.475198e+02,5.865894e+01,3.937757e+02,2.586166e+02,4.020829e+02,2.199391e+02,6.539161e+01,4.501293e+02,1.131927e+02,5.004126e+01,1.985874e+02,6.179177e+01,2.971384e+02,6.783688e+01,5.630225e+01,4.107538e+02,1.286525e+02,4.591008e+02,4.908818e+02,5.210601e+01,6.170849e+01,6.638317e+01,2.885332e+02,3.816683e+02,4.678358e+01,4.576035e+02,2.138039e+02,2.205119e+02,2.282301e+02,3.697889e+02,8.020821e+01,7.564527e+01,3.996126e+02,2.645388e+02,5.987622e+01,3.037418e+02,8.249620e+01,3.487626e+02,7.334395e+02,4.092005e+01,4.304154e+01,4.359178e+01,4.966077e+02,4.694794e+01,1.063089e+02,5.484956e+02,4.041730e+02,5.787620e+01,6.386759e+02,7.337379e+01,2.485312e+02,5.962275e+01,9.296185e+01,5.531564e+01,2.021353e+02,6.817352e+01
1.447082e+02,1.359891e+02,3.715168e+01,6.015790e+01,7.047848e+01,6.284085e+01,6.067369e+01,5.809735e+01,7.249338e+01,4.838851e+01,4.852531e+01,4.355934e+01,5.294721e+01,0.000000e+00,3.757688e+01,3.943169e+01,5.680048e+01,7.338211e+01,2.197538e+02,4.970410e+01,5.276890e+01,6.272740e+01,3.958909e+01,8.910481e+01,8.952162e+01,3.581346e+01,4.926501e+01,7.773373e+01,5.746823e+01,2.123404e+02,1.089853e+02,8.687039e+01,9.436607e+01,1.032957e+02,3.929112e+02,5.772435e+01,6.240861e+01,3.548741e+01,3.632679e+01,3.621723e+01,3.266618e+01,4.020368e+01,3.171438e+02,2.045276e+02,8.518971e+02,2.187560e+02,2.910103e+02,2.104743e+02,2.698256e+02,2.252221e+02,3.332274e+02,3.625056e+01,2.268361e+02,3.278465e+02,5.924159e+01,3.292271e+02,4.272807e+01,3.323249e+02,4.775507e+02,2.183921e+02,2.168671e+02,3.673109e+01,3.590028e+02,2.258573e+02,3.583582e+02,1.934022e+02,3.588847e+01,4.196038e+02,7.226375e+01,4.767967e+01,1.799639e+02,4.367086e+01,2.754440e+02,4.854166e+01,6.475476e+01,3.829840e+02,8.795389e+01,4.252215e+02,4.550046e+02,4.392059e+01,4.229933e+01,4.046421e+01,2.547900e+02,3.486101e+02,3.720272e+01,4.236842e+02,1.676305e+02,1.740755e+02,2.007027e+02,3.392987e+02,5.705259e+01,5.695213e+01,3.648836e+02,2.335802e+02,3.854329e+01,2.788448e+02,4.534589e+01,3.070457e+02,6.925341e+02,4.595945e+01,3.363901e+01,7.516638e+01,4.635045e+02,4.687942e+01,6.862431e+01,5.096584e+02,3.745426e+02,5.382669e+01,5.985751e+02,7.278658e+01,2.328979e+02,3.879371e+01,6.845156e+01,4.592201e+01,1.775194e+02,3.789022e+01
1.514019e+02,1.422482e+02,4.088885e+01,6.161606e+01,7.770161e+01,6.541527e+01,6.759535e+01,6.063585e+01,7.829501e+01,4.950818e+01,5.075023e+01,4.835115e+01,5.444271e+01,3.757688e+01,0.000000e+00,3.782157e+01,5.982448e+01,7.255378e+01,2.211114e+02,4.996587e+01,5.279094e+01,5.988858e+01,3.630627e+01,9.332902e+01,9.348597e+01,3.418170e+01,5.353103e+01,8.010344e+01,6.031421e+01,2.137096e+02,1.088437e+02,8.949958e+01,9.423479e+01,1.034270e+02,3.960915e+02,5.683544e+01,6.285634e+01,3.928437e+01,4.072018e+01,3.862738e+01,3.278915e+01,4.335965e+01,3.189876e+02,2.057243e+02,8.559947e+02,2.192854e+02,2.918904e+02,2.081265e+02,2.711416e+02,2.280822e+02,3.361581e+02,3.884798e+01,2.295798e+02,3.310374e+02,6.079382e+01,3.312030e+02,4.580194e+01,3.357162e+02,4.801965e+02,2.217750e+02,2.193857e+02,3.943162e+01,3.617540e+02,2.280998e+02,3.608521e+02,1.949148e+02,4.786021e+01,4.218202e+02,7.612024e+01,4.768794e+01,1.801011e+02,4.358901e+01,2.769773e+02,4.926068e+01,6.881737e+01,3.850523e+02,9.047279e+01,4.290403e+02,4.579719e+02,4.094907e+01,4.066467e+01,3.756837e+01,2.585369e+02,3.518890e+02,3.603471e+01,4.266477e+02,1.722189e+02,1.788880e+02,2.027889e+02,3.429563e+02,6.166363e+01,5.750288e+01,3.687466e+02,2.365349e+02,3.976727e+01,2.803761e+02,4.900483e+01,3.093932e+02,6.963318e+02,4.402451e+01,3.828052e+01,7.271560e+01,4.666066e+02,4.702627e+01,7.187073e+01,5.129617e+02,3.773501e+02,5.586390e+01,6.029011e+02,7.584215e+01,2.331780e+02,3.565129e+01,7.728050e+01,4.088301e+01,1.863374e+02,4.100632e+01
1.543235e+02,1.444317e+02,4.291818e+01,5.449435e+01,7.266737e+01,5.882180e+01,6.088158e+01,5.220503e+01,8.290868e+01,5.628279e+01,5.310116e+01,5.166539e+01,5.272341e+01,3.943169e+01,3.782157e+01,0.000000e+00,6.607589e+01,7.489564e+01,2.257445e+02,4.368021e+01,5.072587e+01,5.654651e+01,3.797913e+01,8.853598e+01,8.420104e+01,3.656064e+01,5.135314e+01,7.250085e+01,5.411786e+01,2.172333e+02,9.967905e+01,8.061852e+01,8.585556e+01,9.693018e+01,4.014164e+02,4.777453e+01,6.128715e+01,3.666210e+01,3.882732e+01,4.008525e+01,3.550109e+01,3.836151e+01,3.253480e+02,2.110514e+02,8.617616e+02,2.258569e+02,2.971775e+02,2.155241e+02,2.763405e+02,2.339160e+02,3.413240e+02,3.951592e+01,2.322358e+02,3.363749e+02,5.818183e+01,3.377554e+02,4.096522e+01,3.403787e+02,4.864601e+02,2.230797e+02,2.242380e+02,3.791843e+01,3.669247e+02,2.322612e+02,3.676596e+02,2.005632e+02,4.291184e+01,4.275543e+02,7.701375e+01,4.213353e+01,1.841495e+02,4.020408e+01,2.808665e+02,4.584348e+01,6.015139e+01,3.901068e+02,9.587345e+01,4.337075e+02,4.635069e+02,3.239607e+01,3.547167e+01,4.355164e+01,2.622317e+02,3.564783e+02,3.689265e+01,4.327228e+02,1.773902e+02,1.837434e+02,2.075920e+02,3.465809e+02,5.763700e+01,5.358506e+01,3.740012e+02,2.404577e+02,3.883121e+01,2.855219e+02,5.334836e+01,3.164537e+02,7.028932e+02,3.991702e+01,4.053369e+01,6.853220e+01,4.721920e+02,3.711293e+01,7.353916e+01,5.184426e+02,3.824399e+02,5.115212e+01,6.083948e+02,7.034876e+01,2.377057e+02,3.492468e+01,7.296442e+01,3.844345e+01,1.862075e+02,4.310482e+01
1.365002e+02,1.315829e+02,5.749643e+01,7.684565e+01,7.340308e+01,9.078014e+01,7.959942e+01,8.252089e+01,6.052535e+01,5.382217e+01,6.307963e+01,6.783139e+01,9.235107e+01,5.680048e+01,5.982448e+01,6.607589e+01,0.000000e+00,4.657831e+01,2.002569e+02,7.848268e+01,5.808000e+01,1.016546e+02,6.360708e+01,1.108506e+02,1.065017e+02,6.743190e+01,6.796456e+01,1.093450e+02,8.045554e+01,1.964014e+02,1.443227e+02,1.056614e+02,1.269845e+02,1.359822e+02,3.664085e+02,9.025000e+01,7.305039e+01,6.832762e+01,7.117925e+01,6.392086e+01,6.014137e+01,7.214054e+01,2.928733e+02,1.868855e+02,8.171630e+02,1.971216e+02,2.694252e+02,1.893827e+02,2.511263e+02,2.033475e+02,3.084172e+02,6.802054e+01,2.075847e+02,3.035936e+02,7.525329e+01,3.050511e+02,8.025114e+01,3.072367e+02,4.471028e+02,2.029801e+02,1.967910e+02,6.203307e+01,3.311289e+02,2.036692e+02,3.207112e+02,1.779285e+02,5.677103e+01,3.929576e+02,5.465809e+01,7.441411e+01,1.686208e+02,6.776160e+01,2.587755e+02,6.374364e+01,9.513040e+01,3.582555e+02,7.634485e+01,3.977318e+02,4.261238e+02,7.255255e+01,6.566258e+01,6.229042e+01,2.301179e+02,3.226976e+02,6.978339e+01,3.964125e+02,1.304619e+02,1.380566e+02,1.845017e+02,3.161653e+02,7.117040e+01,7.317245e+01,3.376909e+02,2.142560e+02,5.930703e+01,2.590077e+02,5.229187e+01,2.722678e+02,6.593312e+02,7.963459e+01,6.901084e+01,1.124438e+02,4.362831e+02,7.915296e+01,6.685405e+01,4.764848e+02,3.499592e+02,8.153713e+01,5.667349e+02,9.420647e+01,2.207084e+02,6.603461e+01,7.077533e+01,7.268060e+01,1.677973e+02,5.781094e+01
1.325852e+02,1.271849e+02,6.974321e+01,8.285902e+01,7.618858e+01,9.952883e+01,9.242143e+01,9.000943e+01,5.392797e+01,5.668161e+01,6.196159e+01,7.193767e+01,1.110242e+02,7.338211e+01,7.255378e+01,7.489564e+01,4.657831e+01,0.000000e+00,1.937847e+02,8.835092e+01,6.342663e+01,1.170824e+02,7.239468e+01,1.177617e+02,1.068536e+02,8.121591e+01,7.581270e+01,1.225852e+02,8.743316e+01,1.901524e+02,1.540680e+02,1.133027e+02,1.385155e+02,1.479938e+02,3.586601e+02,9.887335e+01,7.217059e+01,7.868694e+01,8.171328e+01,8.041617e+01,7.084306e+01,8.180686e+01,2.862101e+02,1.822459e+02,8.027958e+02,1.897103e+02,2.637800e+02,1.854388e+02,2.461502e+02,1.952936e+02,3.002884e+02,7.843410e+01,2.013906e+02,2.947319e+02,7.713767e+01,2.961508e+02,9.606295e+01,2.991160e+02,4.360107e+02,1.994022e+02,1.912542e+02,7.270284e+01,3.216628e+02,1.968448e+02,3.065863e+02,1.745226e+02,6.873484e+01,3.852629e+02,5.224640e+01,8.725332e+01,1.682492e+02,7.024105e+01,2.544719e+02,6.926212e+01,1.067005e+02,3.519337e+02,6.626254e+01,3.884007e+02,4.155143e+02,8.135812e+01,7.181244e+01,6.744383e+01,2.222126e+02,3.148565e+02,8.151084e+01,3.868292e+02,1.122956e+02,1.176795e+02,1.797692e+02,3.078172e+02,7.093580e+01,7.485117e+01,3.279818e+02,2.055898e+02,7.020448e+01,2.546711e+02,5.347898e+01,2.602615e+02,6.456050e+02,9.328892e+01,8.441804e+01,1.299061e+02,4.269707e+02,9.063953e+01,5.932298e+01,4.637171e+02,3.424239e+02,9.150515e+01,5.536191e+02,1.036529e+02,2.202025e+02,7.540063e+01,7.539783e+01,7.897814e+01,1.648549e+02,6.364620e+01
1.839161e+02,1.828914e+02,2.100500e+02,2.165026e+02,2.008906e+02,2.276018e+02,2.138758e+02,2.265390e+02,1.906552e+02,2.046526e+02,2.151857e+02,2.156515e+02,2.483346e+02,2.197538e+02,2.211114e+02,2.257445e+02,2.002569e+02,1.937847e+02,0.000000e+00,2.278403e+02,2.058917e+02,2.568971e+02,2.236664e+02,2.453083e+02,2.275129e+02,2.319537e+02,2.206533e+02,2.492550e+02,2.245690e+02,3.459176e+01,2.854384e+02,2.414508e+02,2.688698e+02,2.768632e+02,1.858960e+02,2.372243e+02,2.065395e+02,2.266853e+02,2.308189e+02,2.266521e+02,2.204308e+02,2.266784e+02,1.097520e+02,3.322093e+01,6.550385e+02,4.147718e+01,8.259135e+01,3.842939e+01,6.908659e+01,3.988697e+01,1.285314e+02,2.294478e+02,3.907428e+01,1.226215e+02,2.065570e+02,1.242212e+02,2.350276e+02,1.272789e+02,2.746575e+02,4.966405e+01,3.507973e+01,2.225726e+02,1.567482e+02,3.537686e+01,1.670691e+02,4.653090e+01,2.168998e+02,2.113818e+02,1.970185e+02,2.264405e+02,7.239609e+01,2.197086e+02,7.902128e+01,2.113528e+02,2.383012e+02,1.725526e+02,1.888968e+02,2.178940e+02,2.514455e+02,2.267336e+02,2.191251e+02,2.162259e+02,5.668784e+01,1.423284e+02,2.309952e+02,2.170884e+02,1.865064e+02,1.884507e+02,4.186122e+01,1.301882e+02,2.109170e+02,2.112177e+02,1.622249e+02,3.718821e+01,2.258337e+02,7.361713e+01,2.088715e+02,1.142358e+02,4.964027e+02,2.342470e+02,2.276383e+02,2.664057e+02,2.570644e+02,2.357245e+02,1.953283e+02,3.105697e+02,1.656918e+02,2.258316e+02,4.005478e+02,2.270900e+02,7.096241e+01,2.245630e+02,2.014826e+02,2.227180e+02,1.783553e+02,2.107437e+02
1.572032e+02,1.473342e+02,5.271488e+01,5.441551e+01,7.309495e+01,5.233480e+01,5.352351e+01,5.088903e+01,9.097462e+01,6.700390e+01,6.152456e+01,5.642924e+01,5.107955e+01,4.970410e+01,4.996587e+01,4.368021e+01,7.848268e+01,8.835092e+01,2.278403e+02,0.000000e+00,5.035396e+01,5.410502e+01,4.496035e+01,9.081379e+01,8.719086e+01,4.691945e+01,6.003174e+01,6.663941e+01,5.420714e+01,2.200168e+02,9.852866e+01,8.452805e+01,8.483174e+01,9.262840e+01,4.072805e+02,4.509753e+01,5.769510e+01,4.275429e+01,4.455578e+01,5.175628e+01,5.011838e+01,4.340006e+01,3.308986e+02,2.179566e+02,8.674140e+02,2.347911e+02,3.014534e+02,2.241007e+02,2.821090e+02,2.419435e+02,3.483799e+02,4.893034e+01,2.372780e+02,3.420477e+02,5.474986e+01,3.434913e+02,4.292629e+01,3.467840e+02,4.907562e+02,2.262180e+02,2.306441e+02,4.766752e+01,3.744121e+02,2.396132e+02,3.760760e+02,2.068012e+02,5.168175e+01,4.334183e+02,8.762326e+01,3.612694e+01,1.902765e+02,4.660579e+01,2.838567e+02,4.188769e+01,5.545691e+01,3.952167e+02,1.001521e+02,4.384225e+02,4.695287e+02,4.259270e+01,4.522392e+01,5.401278e+01,2.668800e+02,3.603332e+02,4.499086e+01,4.372289e+02,1.842156e+02,1.901797e+02,2.146667e+02,3.494639e+02,5.820782e+01,5.014954e+01,3.798565e+02,2.447546e+02,4.798611e+01,2.893516e+02,6.675180e+01,3.250307e+02,7.086795e+02,4.914738e+01,4.491518e+01,6.683616e+01,4.779857e+02,5.028559e+01,7.748874e+01,5.252827e+02,3.877575e+02,4.875384e+01,6.131765e+02,6.660452e+01,2.428301e+02,4.695605e+01,7.558970e+01,4.476914e+01,1.868358e+02,5.449571e+01
1.376679e+02,1.298253e+02,4.285488e+01,5.359683e+01,5.400302e+01,6.663711e+01,5.966194e+01,5.987240e+01,6.293384e+01,5.015906e+01,5.356705e+01,4.637830e+01,8.052370e+01,5.276890e+01,5.279094e+01,5.072587e+01,5.808000e+01,6.342663e+01,2.058917e+02,5.035396e+01,0.000000e+00,8.769479e+01,4.811976e+01,9.899410e+01,9.282040e+01,5.420294e+01,5.614967e+01,9.163498e+01,5.812869e+01,2.009582e+02,1.249882e+02,9.380636e+01,1.067456e+02,1.197057e+02,3.810047e+02,6.568771e+01,4.260983e+01,5.341625e+01,5.578214e+01,6.067048e+01,5.242948e+01,5.361194e+01,3.061663e+02,1.979025e+02,8.322151e+02,2.116822e+02,2.794760e+02,2.035807e+02,2.640996e+02,2.160980e+02,3.223076e+02,5.494019e+01,2.139862e+02,3.162936e+02,4.659293e+01,3.179844e+02,6.441792e+01,3.208525e+02,4.601407e+02,2.082984e+02,2.083186e+02,4.932275e+01,3.460707e+02,2.138520e+02,3.391242e+02,1.891621e+02,5.025961e+01,4.078369e+02,5.678547e+01,5.274444e+01,1.773596e+02,4.467938e+01,2.675664e+02,4.018514e+01,7.315481e+01,3.721428e+02,6.867953e+01,4.101315e+02,4.395314e+02,5.394727e+01,4.754586e+01,5.127599e+01,2.398181e+02,3.337693e+02,5.599728e+01,4.092248e+02,1.444296e+02,1.507503e+02,1.944340e+02,3.247923e+02,5.378402e+01,4.202501e+01,3.520608e+02,2.199343e+02,4.715598e+01,2.696698e+02,5.362930e+01,2.898658e+02,6.738085e+02,6.676363e+01,5.802941e+01,1.003519e+02,4.499999e+02,6.420675e+01,4.723491e+01,4.928256e+02,3.638015e+02,6.041120e+01,5.799563e+02,7.411799e+01,2.325050e+02,4.632942e+01,6.322852e+01,4.747601e+01,1.683097e+02,4.399948e+01
1.833609e+02,1.709727e+02,7.605885e+01,7.737512e+01,1.050160e+02,6.509134e+01,7.560877e+01,7.021276e+01,1.262971e+02,9.135824e+01,8.617474e+01,7.918135e+01,3.613256e+01,6.272740e+01,5.988858e+01,5.654651e+01,1.016546e+02,1.170824e+02,2.568971e+02,5.410502e+01,8.769479e+01,0.000000e+00,6.326535e+01,9.478063e+01,1.004301e+02,5.277048e+01,7.164444e+01,6.626623e+01,6.680305e+01,2.464984e+02,8.347665e+01,8.913020e+01,7.571864e+01,7.994212e+01,4.343001e+02,5.223959e+01,9.153783e+01,5.209949e+01,4.839585e+01,5.140298e+01,5.755399e+01,5.402409e+01,3.558846e+02,2.397248e+02,9.031189e+02,2.580461e+02,3.247806e+02,2.454263e+02,3.009052e+02,2.667942e+02,3.742517e+02,5.810475e+01,2.656992e+02,3.677445e+02,8.546695e+01,3.691901e+02,4.197520e+01,3.735561e+02,5.241179e+02,2.516227e+02,2.562875e+02,6.471239e+01,4.032308e+02,2.672423e+02,4.110071e+02,2.250952e+02,7.209042e+01,4.592126e+02,1.220562e+02,5.501661e+01,2.057976e+02,6.676089e+01,3.047397e+02,7.287003e+01,6.301968e+01,4.184970e+02,1.367742e+02,4.687290e+02,5.004887e+02,5.709045e+01,6.762937e+01,6.910957e+01,2.981172e+02,3.908308e+02,5.093486e+01,4.669687e+02,2.234955e+02,2.297498e+02,2.362395e+02,3.785992e+02,8.504716e+01,8.067402e+01,4.089673e+02,2.734250e+02,6.689876e+01,3.116510e+02,9.041303e+01,3.569260e+02,7.436061e+02,4.706722e+01,5.234596e+01,3.683971e+01,5.058649e+02,5.071046e+01,1.133134e+02,5.583447e+02,4.127799e+02,6.139279e+01,6.486485e+02,8.162394e+01,2.543922e+02,6.474198e+01,1.018434e+02,6.340239e+01,2.139105e+02,7.702348e+01
1.538527e+02,1.462591e+02,4.134729e+01,6.198252e+01,7.237855e+01,6.719204e+01,6.699367e+01,6.112271e+01,7.675447e+01,5.003771e+01,4.753934e+01,4.043524e+01,5.748847e+01,3.958909e+01,3.630627e+01,3.797913e+01,6.360708e+01,7.239468e+01,2.236664e+02,4.496035e+01,4.811976e+01,6.326535e+01,0.000000e+00,9.680863e+01,9.755624e+01,3.058168e+01,5.372030e+01,8.295815e+01,6.208954e+01,2.178141e+02,1.112267e+02,9.588642e+01,9.658530e+01,1.061055e+02,3.980162e+02,5.718481e+01,5.986254e+01,3.279500e+01,3.305345e+01,4.475640e+01,3.653100e+01,3.622678e+01,3.226253e+02,2.094613e+02,8.577203e+02,2.234096e+02,2.961910e+02,2.156965e+02,2.765930e+02,2.313754e+02,3.381161e+02,3.271523e+01,2.338339e+02,3.320886e+02,6.062112e+01,3.340964e+02,4.900088e+01,3.371701e+02,4.818037e+02,2.262448e+02,2.229919e+02,3.496867e+01,3.636497e+02,2.290543e+02,3.624999e+02,1.994579e+02,4.347044e+01,4.243645e+02,6.994086e+01,4.866495e+01,1.860143e+02,3.931113e+01,2.824559e+02,4.453261e+01,7.073186e+01,3.881166e+02,8.983779e+01,4.296625e+02,4.600858e+02,4.044448e+01,3.900994e+01,3.773664e+01,2.609727e+02,3.538007e+02,3.799873e+01,4.285587e+02,1.707111e+02,1.770037e+02,2.061137e+02,3.450613e+02,5.885260e+01,5.438580e+01,3.696201e+02,2.392710e+02,3.683981e+01,2.856381e+02,5.057536e+01,3.108528e+02,6.980152e+02,4.850187e+01,3.967630e+01,7.580407e+01,4.686888e+02,4.345873e+01,6.532472e+01,5.152270e+02,3.792872e+02,5.721945e+01,6.042775e+02,7.977517e+01,2.402653e+02,2.878669e+01,7.726470e+01,3.474643e+01,1.875439e+02,4.192172e+01
1.310206e+02,1.201661e+02,8.534043e+01,7.483181e+01,9.805300e+01,6.491246e+01,6.921560e+01,7.974305e+01,1.149006e+02,9.793737e+01,1.077594e+02,9.885538e+01,8.854670e+01,8.910481e+01,9.332902e+01,8.853598e+01,1.108506e+02,1.177617e+02,2.453083e+02,9.081379e+01,9.899410e+01,9.478063e+01,9.680863e+01,0.000000e+00,5.181786e+01,9.301982e+01,7.639077e+01,5.728413e+01,7.337745e+01,2.286063e+02,6.144847e+01,4.952607e+01,6.248994e+01,5.504158e+01,4.160527e+02,8.177396e+01,9.956278e+01,8.683502e+01,8.858571e+01,8.344293e+01,8.584445e+01,8.840732e+01,3.397105e+02,2.314461e+02,8.720990e+02,2.528188e+02,3.046537e+02,2.377555e+02,2.882295e+02,2.604280e+02,3.539718e+02,1.021174e+02,2.448432e+02,3.540453e+02,8.642815e+01,3.550807e+02,8.163858e+01,3.567240e+02,4.998905e+02,2.199884e+02,2.431100e+02,8.885623e+01,3.851996e+02,2.561526e+02,3.897101e+02,2.212763e+02,8.855924e+01,4.389030e+02,1.182718e+02,8.327505e+01,1.983819e+02,9.928549e+01,2.772244e+02,9.228386e+01,6.186734e+01,3.989881e+02,1.246428e+02,4.451906e+02,4.762055e+02,8.308940e+01,8.679403e+01,9.358812e+01,2.784589e+02,3.673025e+02,8.609991e+01,4.427208e+02,2.029888e+02,2.084306e+02,2.293944e+02,3.513290e+02,8.308969e+01,9.333124e+01,3.890449e+02,2.544860e+02,1.002687e+02,2.928125e+02,1.064992e+02,3.414872e+02,7.156729e+02,7.891126e+01,8.941985e+01,9.227515e+01,4.807091e+02,8.333269e+01,1.121923e+02,5.328261e+02,3.902120e+02,7.634320e+01,6.185632e+02,5.691447e+01,2.393297e+02,9.769218e+01,8.319226e+01,9.153929e+01,1.561730e+02,9.636311e+01
1.119978e+02,9.958768e+01,8.356976e+01,6.754407e+01,8.636126e+01,6.115035e+01,6.180544e+01,7.519881e+01,1.053023e+02,9.467668e+01,1.057311e+02,9.841660e+01,9.068445e+01,8.952162e+01,9.348597e+01,8.420104e+01,1.065017e+02,1.068536e+02,2.275129e+02,8.719086e+01,9.282040e+01,1.004301e+02,9.755624e+01,5.181786e+01,0.000000e+00,9.596713e+01,7.593168e+01,6.271131e+01,6.945888e+01,2.108405e+02,8.390520e+01,3.902930e+01,6.849156e+01,7.781572e+01,3.968177e+02,7.940180e+01,8.970634e+01,8.906425e+01,9.198888e+01,8.615752e+01,8.686149e+01,8.711556e+01,3.222033e+02,2.147012e+02,8.494067e+02,2.360321e+02,2.878615e+02,2.204685e+02,2.710338e+02,2.426601e+02,3.350928e+02,1.013861e+02,2.261002e+02,3.357807e+02,7.438879e+01,3.357892e+02,8.215017e+01,3.371540e+02,4.790201e+02,2.021778e+02,2.258964e+02,8.939628e+01,3.650933e+02,2.391851e+02,3.701202e+02,2.047810e+02,8.754356e+01,4.203419e+02,1.134972e+02,7.924739e+01,1.837218e+02,9.531023e+01,2.614392e+02,8.689758e+01,6.419465e+01,3.807269e+02,1.114231e+02,4.254148e+02,4.558057e+02,7.724287e+01,8.080382e+01,9.424733e+01,2.595813e+02,3.464522e+02,8.718777e+01,4.231267e+02,1.905410e+02,1.940586e+02,2.120823e+02,3.322622e+02,7.753210e+01,8.447583e+01,3.696999e+02,2.357906e+02,1.002175e+02,2.754196e+02,1.028501e+02,3.225703e+02,6.938034e+02,7.734217e+01,8.931520e+01,1.007410e+02,4.615098e+02,8.479391e+01,1.015275e+02,5.119150e+02,3.731559e+02,7.354935e+01,5.966125e+02,5.096574e+01,2.260255e+02,9.736690e+01,7.413853e+01,8.763664e+01,1.378379e+02,9.009056e+01
1.589240e+02,1.497969e+02,4.361638e+01,6.499276e+01,7.970317e+01,6.580195e+01,6.873897e+01,6.257148e+01,8.582485e+01,5.374075e+01,5.405145e+01,4.799783e+01,4.836830e+01,3.581346e+01,3.418170e+01,3.656064e+01,6.743190e+01,8.121591e+01,2.319537e+02,4.691945e+01,5.420294e+01,5.277048e+01,3.058168e+01,9.301982e+01,9.596713e+01,0.000000e+00,5.239506e+01,7.917762e+01,6.124187e+01,2.252138e+02,1.041438e+02,9.125773e+01,9.227078e+01,9.997814e+01,4.057565e+02,5.541304e+01,6.480724e+01,3.289399e+01,3.072216e+01,3.839623e+01,3.740803e+01,3.753321e+01,3.294848e+02,2.156557e+02,8.680220e+02,2.302268e+02,3.027846e+02,2.213025e+02,2.815808e+02,2.379815e+02,3.444135e+02,3.101720e+01,2.413102e+02,3.401333e+02,6.434941e+01,3.415590e+02,4.149611e+01,3.451310e+02,4.917206e+02,2.321763e+02,2.287034e+02,3.431626e+01,3.716487e+02,2.363185e+02,3.726322e+02,2.041208e+02,4.386167e+01,4.322652e+02,8.178986e+01,4.569996e+01,1.891959e+02,4.307604e+01,2.882818e+02,5.239021e+01,6.779018e+01,3.950888e+02,9.978750e+01,4.392965e+02,4.683310e+02,3.827645e+01,3.973904e+01,4.005961e+01,2.697748e+02,3.627566e+02,2.939868e+01,4.380421e+02,1.824461e+02,1.889852e+02,2.107176e+02,3.529294e+02,6.290810e+01,5.796742e+01,3.782505e+02,2.470572e+02,3.606032e+01,2.911339e+02,5.391149e+01,3.200154e+02,7.083271e+02,4.132441e+01,3.422754e+01,6.384162e+01,4.771412e+02,3.407033e+01,7.556199e+01,5.244047e+02,3.863069e+02,5.822966e+01,6.144047e+02,7.864153e+01,2.426161e+02,3.174143e+01,8.121691e+01,3.667060e+01,1.924355e+02,4.469934e+01
