0.000000e+00,7.933078e+01,3.044389e+02,2.670316e+02,2.866024e+02,2.479224e+02,2.508783e+02,3.067679e+02,2.781630e+02,2.898037e+02,3.566152e+02,3.750330e+02,3.273072e+02,3.216847e+02,3.247368e+02,3.228936e+02,2.862801e+02,2.792368e+02,9.591104e+02,3.490689e+02,3.369543e+02,3.632248e+02,3.728269e+02,2.893639e+02,2.641045e+02,3.532419e+02,2.953982e+02,2.166263e+02,2.808502e+02,9.796778e+02,2.513937e+02,2.228289e+02,2.755644e+02,2.440595e+02,3.010826e+03,3.377910e+02,3.479019e+02,3.411887e+02,3.513319e+02,2.854200e+02,3.014657e+02,3.482499e+02,1.974732e+03,9.482403e+02,1.741815e+04,9.620470e+02,1.996688e+03,9.492830e+02,1.980562e+03,9.617649e+02,1.982287e+03,3.717739e+02,9.741680e+02,1.981806e+03,2.937038e+02,1.978427e+03,3.231291e+02,1.977769e+03,3.005416e+03,9.682893e+02,9.600542e+02,3.424752e+02,1.985065e+03,9.599655e+02,9.506038e+02,9.625577e+02,3.106830e+02,4.035379e+03,3.159473e+02,3.085456e+02,9.566994e+02,3.632996e+02,1.995415e+03,3.169213e+02,2.672053e+02,4.042104e+03,2.854286e+02,3.008341e+03,3.005231e+03,3.382255e+02,3.363894e+02,3.191009e+02,9.731186e+02,1.993394e+03,3.242340e+02,3.024174e+03,2.773090e+02,2.809408e+02,9.619607e+02,2.000755e+03,2.766325e+02,3.495602e+02,1.962335e+03,9.716072e+02,3.740627e+02,1.999313e+03,3.221325e+02,9.525569e+02,6.101978e+03,2.820436e+02,3.149502e+02,3.368125e+02,4.036582e+03,3.147915e+02,3.097171e+02,3.008740e+03,3.012216e+03,2.923950e+02,4.063449e+03,2.140435e+02,1.980639e+03,3.640192e+02,2.398383e+02,3.630333e+02,1.256572e+02,3.317042e+02
7.933078e+01,0.000000e+00,3.189288e+02,2.797908e+02,3.007747e+02,2.578943e+02,2.557114e+02,3.232139e+02,2.930312e+02,3.052763e+02,3.740441e+02,3.900730e+02,3.354598e+02,3.238279e+02,3.412141e+02,3.406710e+02,2.912388e+02,2.894670e+02,9.867533e+02,3.652285e+02,3.551547e+02,3.833064e+02,3.886513e+02,2.633280e+02,2.323953e+02,3.806883e+02,2.986375e+02,2.198625e+02,2.891499e+02,1.006065e+03,2.515331e+02,2.001877e+02,2.749412e+02,2.482140e+02,3.034737e+03,3.553582e+02,3.617386e+02,3.612076e+02,3.729279e+02,2.977773e+02,3.202518e+02,3.693178e+02,1.999339e+03,9.755067e+02,1.743978e+04,9.917099e+02,2.021917e+03,9.755608e+02,2.005771e+03,9.908772e+02,2.006370e+03,3.987238e+02,1.001103e+03,2.007105e+03,2.985570e+02,2.003479e+03,3.335272e+02,2.002426e+03,3.028503e+03,9.920814e+02,9.877546e+02,3.654166e+02,2.009460e+03,9.882941e+02,9.748456e+02,9.914114e+02,3.237005e+02,4.058713e+03,3.326695e+02,3.229405e+02,9.844898e+02,3.836611e+02,2.018121e+03,3.320743e+02,2.740132e+02,4.065582e+03,3.013892e+02,3.031605e+03,3.028803e+03,3.552865e+02,3.537622e+02,3.376507e+02,9.994665e+02,2.017586e+03,3.431196e+02,3.047361e+03,2.862462e+02,2.918357e+02,9.905485e+02,2.024212e+03,2.931191e+02,3.649464e+02,1.985946e+03,9.985892e+02,3.971023e+02,2.024348e+03,3.395330e+02,9.792674e+02,6.124381e+03,2.924509e+02,3.271954e+02,3.562874e+02,4.059289e+03,3.370381e+02,3.305660e+02,3.031256e+03,3.035631e+03,3.120127e+02,4.086039e+03,2.228349e+02,2.005885e+03,3.866059e+02,2.470925e+02,3.864400e+02,1.082001e+02,3.428271e+02
3.044389e+02,3.189288e+02,0.000000e+00,8.123790e+01,9.020266e+01,8.474214e+01,1.333000e+02,1.004961e+02,6.465617e+01,9.714776e+01,9.652088e+01,1.030116e+02,8.831281e+01,1.014282e+02,8.192629e+01,6.785382e+01,1.369874e+02,1.382234e+02,1.033797e+03,9.002437e+01,8.379987e+01,1.304538e+02,1.013498e+02,2.223008e+02,2.342493e+02,1.027849e+02,1.331765e+02,1.542436e+02,1.021092e+02,1.054639e+03,1.500626e+02,1.982018e+02,1.134159e+02,1.567346e+02,3.093393e+03,7.796186e+01,9.825295e+01,7.806816e+01,9.150233e+01,7.009308e+01,5.397178e+01,8.838945e+01,2.057431e+03,1.023845e+03,1.750463e+04,1.033565e+03,2.075469e+03,1.028511e+03,2.060953e+03,1.036249e+03,2.063626e+03,1.200643e+02,1.051538e+03,2.061713e+03,7.275530e+01,2.059229e+03,9.194307e+01,2.058201e+03,3.089767e+03,1.054907e+03,1.034083e+03,7.147215e+01,2.065450e+03,1.031444e+03,1.035980e+03,1.035847e+03,7.048352e+01,4.119028e+03,6.515172e+01,6.867623e+01,1.032542e+03,1.297023e+02,2.082909e+03,9.904245e+01,8.931731e+01,4.125189e+03,6.952323e+01,3.091850e+03,3.087897e+03,5.195214e+01,5.221528e+01,8.815302e+01,1.050133e+03,2.074725e+03,4.975644e+01,3.107226e+03,1.183876e+02,1.209560e+02,1.031109e+03,2.086212e+03,1.070607e+02,9.775620e+01,2.045652e+03,1.046380e+03,1.075578e+02,2.078908e+03,6.251357e+01,1.034168e+03,6.187261e+03,5.578122e+01,1.080353e+02,8.989516e+01,4.120814e+03,5.984574e+01,5.693946e+01,3.094888e+03,3.095448e+03,7.872836e+01,4.148739e+03,1.275812e+02,2.059988e+03,9.313244e+01,1.207124e+02,8.962856e+01,3.866120e+02,8.184537e+01
2.670316e+02,2.797908e+02,8.123790e+01,0.000000e+00,7.019060e+01,5.341087e+01,1.280906e+02,8.074455e+01,6.665470e+01,1.014497e+02,1.405490e+02,1.628689e+02,1.269528e+02,1.195181e+02,1.117319e+02,9.828818e+01,8.940752e+01,9.408789e+01,1.021466e+03,1.378352e+02,1.186816e+02,1.778790e+02,1.419547e+02,2.021613e+02,1.908851e+02,1.536707e+02,1.135793e+02,1.297222e+02,7.146712e+01,1.042326e+03,1.426897e+02,1.551255e+02,1.163569e+02,1.528859e+02,3.080546e+03,1.193884e+02,1.344150e+02,1.301675e+02,1.426272e+02,6.950469e+01,7.443715e+01,1.490648e+02,2.044090e+03,1.012243e+03,1.749088e+04,1.022046e+03,2.063637e+03,1.014082e+03,2.048147e+03,1.023272e+03,2.050983e+03,1.700769e+02,1.037196e+03,2.049078e+03,7.512252e+01,2.046268e+03,1.375179e+02,2.045640e+03,3.075637e+03,1.037433e+03,1.023944e+03,1.308042e+02,2.052606e+03,1.020317e+03,1.018867e+03,1.024300e+03,8.799967e+01,4.105579e+03,9.063465e+01,9.782047e+01,1.020639e+03,1.737351e+02,2.066866e+03,1.129347e+02,6.126134e+01,4.112008e+03,6.171025e+01,3.078340e+03,3.074501e+03,1.132866e+02,1.131614e+02,1.250087e+02,1.037255e+03,2.061369e+03,9.604554e+01,3.093849e+03,7.001594e+01,6.974152e+01,1.022462e+03,2.072061e+03,6.923763e+01,1.375710e+02,2.032385e+03,1.034279e+03,1.592016e+02,2.066277e+03,1.096386e+02,1.019458e+03,6.173766e+03,7.803443e+01,1.327705e+02,1.325163e+02,4.107731e+03,9.525492e+01,8.929182e+01,3.079837e+03,3.082879e+03,7.411510e+01,4.134906e+03,7.452908e+01,2.048249e+03,1.391622e+02,6.546409e+01,1.550128e+02,3.469547e+02,1.253258e+02
2.866024e+02,3.007747e+02,9.020266e+01,7.019060e+01,0.000000e+00,6.819341e+01,1.101750e+02,8.000196e+01,1.046434e+02,1.478632e+02,1.379367e+02,1.561018e+02,1.372811e+02,1.420970e+02,1.305439e+02,9.607415e+01,1.062711e+02,1.250897e+02,1.014886e+03,1.367108e+02,1.242172e+02,1.865058e+02,1.569469e+02,2.358199e+02,2.269148e+02,1.667084e+02,1.216098e+02,1.304582e+02,6.425190e+01,1.036498e+03,1.788510e+02,1.861513e+02,1.423436e+02,1.852155e+02,3.074561e+03,9.927423e+01,1.590784e+02,1.484115e+02,1.610022e+02,9.593211e+01,1.011790e+02,1.505021e+02,2.038145e+03,1.005973e+03,1.748548e+04,1.015197e+03,2.057269e+03,1.008654e+03,2.042095e+03,1.016469e+03,2.045347e+03,1.792145e+02,1.031385e+03,2.042966e+03,1.136054e+02,2.040285e+03,1.516928e+02,2.039637e+03,3.070199e+03,1.033557e+03,1.017611e+03,1.351473e+02,2.046782e+03,1.013246e+03,1.014039e+03,1.017750e+03,1.041860e+02,4.100012e+03,8.130155e+01,1.065477e+02,1.014219e+03,1.813269e+02,2.062265e+03,1.160420e+02,7.985195e+01,4.106152e+03,8.749297e+01,3.072457e+03,3.068698e+03,1.263277e+02,1.258468e+02,1.507255e+02,1.031174e+03,2.055484e+03,1.068508e+02,3.088052e+03,8.326473e+01,8.791288e+01,1.015501e+03,2.066928e+03,8.956881e+01,1.620331e+02,2.026898e+03,1.028097e+03,1.543154e+02,2.060280e+03,1.192935e+02,1.013768e+03,6.168203e+03,8.244253e+01,1.705127e+02,1.276409e+02,4.102129e+03,1.064410e+02,8.790032e+01,3.074627e+03,3.077224e+03,8.180548e+01,4.129285e+03,1.120253e+02,2.042025e+03,1.420244e+02,9.356273e+01,1.503913e+02,3.682125e+02,1.446856e+02
2.479224e+02,2.578943e+02,8.474214e+01,5.341087e+01,6.819341e+01,0.000000e+00,8.840618e+01,9.966606e+01,7.931291e+01,1.199506e+02,1.492748e+02,1.685772e+02,1.253401e+02,1.284970e+02,1.250729e+02,1.047039e+02,1.056756e+02,1.112726e+02,1.012615e+03,1.312538e+02,1.212749e+02,1.806685e+02,1.602789e+02,2.024998e+02,1.867927e+02,1.686606e+02,1.251546e+02,9.847997e+01,7.281229e+01,1.034284e+03,1.349311e+02,1.422372e+02,1.048889e+02,1.430180e+02,3.072444e+03,1.186021e+02,1.403242e+02,1.392708e+02,1.533767e+02,8.492168e+01,9.332002e+01,1.522375e+02,2.036095e+03,1.003422e+03,1.748328e+04,1.013636e+03,2.055309e+03,1.006765e+03,2.039813e+03,1.015018e+03,2.043237e+03,1.834730e+02,1.029686e+03,2.040757e+03,7.477577e+01,2.038216e+03,1.295349e+02,2.037651e+03,3.068363e+03,1.030588e+03,1.014930e+03,1.423724e+02,2.044896e+03,1.011647e+03,1.013287e+03,1.015219e+03,1.068640e+02,4.097815e+03,9.803504e+01,8.967568e+01,1.012053e+03,1.758599e+02,2.059380e+03,1.045279e+02,5.781100e+01,4.104059e+03,7.073244e+01,3.070624e+03,3.066896e+03,1.239177e+02,1.240106e+02,1.334911e+02,1.029728e+03,2.053640e+03,1.177874e+02,3.086157e+03,9.792041e+01,9.934511e+01,1.012861e+03,2.064158e+03,9.321104e+01,1.425865e+02,2.024567e+03,1.025729e+03,1.692225e+02,2.058276e+03,1.250988e+02,1.012419e+03,6.166043e+03,8.017150e+01,1.426225e+02,1.364578e+02,4.099842e+03,1.150478e+02,9.384449e+01,3.073063e+03,3.074566e+03,7.977350e+01,4.127341e+03,7.106017e+01,2.039717e+03,1.538272e+02,6.712705e+01,1.571103e+02,3.274864e+02,1.308336e+02
2.508783e+02,2.557114e+02,1.333000e+02,1.280906e+02,1.101750e+02,8.840618e+01,0.000000e+00,1.566203e+02,1.208620e+02,1.705532e+02,1.948392e+02,2.132690e+02,1.517295e+02,1.613692e+02,1.756003e+02,1.403249e+02,1.462697e+02,1.500212e+02,1.012717e+03,1.540394e+02,1.622977e+02,2.238166e+02,2.047703e+02,2.089295e+02,1.966120e+02,2.096387e+02,1.675919e+02,6.026735e+01,1.302885e+02,1.033403e+03,1.533930e+02,1.530067e+02,1.457643e+02,1.534223e+02,3.071346e+03,1.612838e+02,1.950989e+02,1.819845e+02,1.981021e+02,1.307818e+02,1.522572e+02,1.953168e+02,2.035290e+03,1.002986e+03,1.748165e+04,1.013702e+03,2.054657e+03,1.005282e+03,2.039015e+03,1.015150e+03,2.041746e+03,2.238557e+02,1.029759e+03,2.040071e+03,1.366821e+02,2.037438e+03,1.539563e+02,2.036530e+03,3.066918e+03,1.028277e+03,1.013939e+03,1.762147e+02,2.043695e+03,1.011808e+03,1.011499e+03,1.015355e+03,1.504899e+02,4.096576e+03,1.282775e+02,1.276464e+02,1.011779e+03,2.154073e+02,2.057583e+03,1.337301e+02,1.100755e+02,4.103121e+03,1.373704e+02,3.069485e+03,3.065701e+03,1.659614e+02,1.638835e+02,1.832448e+02,1.028862e+03,2.052624e+03,1.682222e+02,3.085055e+03,1.301602e+02,1.375790e+02,1.012381e+03,2.062168e+03,1.486470e+02,1.972366e+02,2.022857e+03,1.025479e+03,2.048990e+02,2.057273e+03,1.709226e+02,1.011040e+03,6.164530e+03,1.159180e+02,1.835357e+02,1.583080e+02,4.098371e+03,1.573460e+02,1.492279e+02,3.071474e+03,3.072847e+03,1.451893e+02,4.126011e+03,1.227864e+02,2.038708e+03,1.983140e+02,1.021646e+02,1.928626e+02,3.198797e+02,1.710089e+02
3.067679e+02,3.232139e+02,1.004961e+02,8.074455e+01,8.000196e+01,9.966606e+01,1.566203e+02,0.000000e+00,1.119399e+02,1.482761e+02,1.375863e+02,1.552097e+02,1.452265e+02,1.443761e+02,1.344437e+02,1.128896e+02,1.192997e+02,1.382942e+02,1.016765e+03,1.394992e+02,1.268870e+02,1.765139e+02,1.514273e+02,2.339462e+02,2.426358e+02,1.648338e+02,1.139395e+02,1.785387e+02,5.313775e+01,1.038059e+03,1.919414e+02,2.072757e+02,1.579748e+02,1.959539e+02,3.076338e+03,8.469378e+01,1.349667e+02,1.438951e+02,1.556953e+02,1.061188e+02,1.000277e+02,1.365377e+02,2.040094e+03,1.007450e+03,1.748768e+04,1.016096e+03,2.058543e+03,1.010861e+03,2.043380e+03,1.018015e+03,2.047166e+03,1.682700e+02,1.033253e+03,2.044585e+03,1.098636e+02,2.041961e+03,1.623186e+02,2.041302e+03,3.072271e+03,1.035886e+03,1.018823e+03,1.224375e+02,2.048776e+03,1.014546e+03,1.017613e+03,1.018514e+03,1.003625e+02,4.101773e+03,1.087908e+02,1.133917e+02,1.016073e+03,1.810934e+02,2.064490e+03,1.394494e+02,7.762172e+01,4.108001e+03,7.547390e+01,3.074790e+03,3.070738e+03,1.203119e+02,1.216213e+02,1.521580e+02,1.033380e+03,2.057413e+03,1.012015e+02,3.090384e+03,1.097477e+02,1.044059e+02,1.015999e+03,2.068940e+03,7.991681e+01,1.389500e+02,2.029177e+03,1.029259e+03,1.429259e+02,2.061943e+03,1.181933e+02,1.016095e+03,6.170258e+03,9.261021e+01,1.688979e+02,1.353835e+02,4.104134e+03,1.174676e+02,9.507910e+01,3.077188e+03,3.078835e+03,5.699299e+01,4.131658e+03,1.357390e+02,2.043709e+03,1.381696e+02,1.095873e+02,1.522026e+02,3.947490e+02,1.515849e+02
2.781630e+02,2.930312e+02,6.465617e+01,6.665470e+01,1.046434e+02,7.931291e+01,1.208620e+02,1.119399e+02,0.000000e+00,7.894551e+01,1.368413e+02,1.563541e+02,1.078329e+02,1.016884e+02,1.050040e+02,8.748766e+01,1.217109e+02,1.088265e+02,1.031642e+03,1.148340e+02,1.102475e+02,1.615508e+02,1.231881e+02,1.917562e+02,1.985012e+02,1.234529e+02,1.314079e+02,1.260985e+02,1.137496e+02,1.053013e+03,1.235110e+02,1.684127e+02,1.203819e+02,1.277444e+02,3.090948e+03,1.253073e+02,1.234790e+02,9.999556e+01,1.147593e+02,5.760353e+01,6.630351e+01,1.314253e+02,2.054609e+03,1.021685e+03,1.750191e+04,1.031703e+03,2.073738e+03,1.024847e+03,2.058593e+03,1.033778e+03,2.061177e+03,1.454991e+02,1.048532e+03,2.059257e+03,7.231267e+01,2.056783e+03,1.085713e+02,2.055828e+03,3.086716e+03,1.049932e+03,1.032804e+03,9.770052e+01,2.062977e+03,1.029601e+03,1.031208e+03,1.033719e+03,7.700854e+01,4.116441e+03,7.772970e+01,8.374787e+01,1.030158e+03,1.586058e+02,2.078741e+03,1.059503e+02,8.310852e+01,4.122788e+03,8.095158e+01,3.089196e+03,3.085426e+03,8.325535e+01,8.074608e+01,1.043158e+02,1.048111e+03,2.072236e+03,8.127221e+01,3.104667e+03,9.518492e+01,9.188894e+01,1.030540e+03,2.082878e+03,9.451105e+01,1.234206e+02,2.042865e+03,1.044692e+03,1.441123e+02,2.076821e+03,9.617040e+01,1.030323e+03,6.184637e+03,6.891361e+01,1.004296e+02,1.031142e+02,4.118504e+03,7.014266e+01,8.900993e+01,3.091438e+03,3.092940e+03,9.802065e+01,4.146032e+03,9.930211e+01,2.057950e+03,1.257623e+02,8.647539e+01,1.343528e+02,3.574221e+02,1.035492e+02
2.898037e+02,3.052763e+02,9.714776e+01,1.014497e+02,1.478632e+02,1.199506e+02,1.705532e+02,1.482761e+02,7.894551e+01,0.000000e+00,1.240196e+02,1.536194e+02,8.938123e+01,9.555616e+01,7.449301e+01,9.824147e+01,1.341824e+02,1.199150e+02,1.032673e+03,1.196664e+02,1.020063e+02,1.332351e+02,1.057386e+02,2.168938e+02,2.181677e+02,1.065829e+02,1.900154e+02,1.667055e+02,1.520237e+02,1.055043e+03,1.187125e+02,1.855851e+02,1.179032e+02,1.283535e+02,3.092102e+03,1.445161e+02,1.089629e+02,8.708254e+01,9.399490e+01,6.805064e+01,6.464394e+01,1.315667e+02,2.056313e+03,1.023515e+03,1.750344e+04,1.032843e+03,2.075793e+03,1.026742e+03,2.059598e+03,1.034587e+03,2.063150e+03,1.210148e+02,1.051624e+03,2.060339e+03,1.098495e+02,2.058402e+03,8.861770e+01,2.057522e+03,3.088708e+03,1.051683e+03,1.034551e+03,1.213851e+02,2.064946e+03,1.031978e+03,1.034950e+03,1.034707e+03,9.323413e+01,4.117812e+03,1.097596e+02,9.687981e+01,1.031905e+03,1.217773e+02,2.079975e+03,1.068355e+02,1.248880e+02,4.124210e+03,1.116561e+02,3.091094e+03,3.087230e+03,1.026149e+02,1.025325e+02,6.463647e+01,1.051483e+03,2.074286e+03,1.005110e+02,3.106910e+03,1.302108e+02,1.369674e+02,1.031595e+03,2.084225e+03,1.511189e+02,1.124617e+02,2.044676e+03,1.047627e+03,1.355221e+02,2.078485e+03,8.978437e+01,1.032526e+03,6.186055e+03,1.165132e+02,5.738084e+01,1.131867e+02,4.120155e+03,9.353844e+01,1.176916e+02,3.093696e+03,3.094018e+03,1.237789e+02,4.148056e+03,1.245951e+02,2.059065e+03,1.130049e+02,1.393705e+02,1.352009e+02,3.579715e+02,7.114083e+01
3.566152e+02,3.740441e+02,9.652088e+01,1.405490e+02,1.379367e+02,1.492748e+02,1.948392e+02,1.375863e+02,1.368413e+02,1.240196e+02,0.000000e+00,5.799998e+01,8.792429e+01,1.109422e+02,7.099434e+01,9.589566e+01,1.644688e+02,1.830551e+02,1.038863e+03,9.942988e+01,9.156961e+01,7.645799e+01,7.161398e+01,2.800112e+02,2.941462e+02,9.144751e+01,2.002111e+02,2.159616e+02,1.503873e+02,1.062306e+03,2.002645e+02,2.635693e+02,1.692326e+02,2.031539e+02,3.098600e+03,8.471473e+01,1.030199e+02,7.110634e+01,7.114488e+01,1.029504e+02,8.653322e+01,6.986923e+01,2.062476e+03,1.030075e+03,1.751085e+04,1.036530e+03,2.080985e+03,1.034426e+03,2.065378e+03,1.038541e+03,2.070524e+03,8.755223e+01,1.057271e+03,2.066522e+03,1.429900e+02,2.064160e+03,9.532454e+01,2.064022e+03,3.095929e+03,1.062157e+03,1.040346e+03,9.500805e+01,2.071877e+03,1.036289e+03,1.043608e+03,1.039635e+03,9.935979e+01,4.124436e+03,9.410732e+01,1.064821e+02,1.037862e+03,7.578760e+01,2.088846e+03,1.176985e+02,1.443466e+02,4.130563e+03,1.248557e+02,3.097930e+03,3.093764e+03,9.498461e+01,9.886160e+01,9.316712e+01,1.057418e+03,2.081064e+03,8.124123e+01,3.113802e+03,1.692082e+02,1.804218e+02,1.036856e+03,2.092049e+03,1.739990e+02,1.065100e+02,2.052284e+03,1.052933e+03,6.295276e+01,2.084283e+03,7.558875e+01,1.038950e+03,6.193211e+03,1.207313e+02,1.154776e+02,7.564197e+01,4.127271e+03,1.048978e+02,9.488229e+01,3.101275e+03,3.101293e+03,1.120491e+02,4.154908e+03,1.812207e+02,2.065200e+03,5.695561e+01,1.892664e+02,8.260641e+01,4.306180e+02,8.154176e+01
3.750330e+02,3.900730e+02,1.030116e+02,1.628689e+02,1.561018e+02,1.685772e+02,2.132690e+02,1.552097e+02,1.563541e+02,1.536194e+02,5.799998e+01,0.000000e+00,1.182267e+02,1.329288e+02,1.028634e+02,1.228101e+02,1.957149e+02,2.108487e+02,1.036298e+03,1.219790e+02,1.162559e+02,8.702052e+01,9.262778e+01,2.905196e+02,3.093634e+02,1.063855e+02,1.955153e+02,2.383470e+02,1.665513e+02,1.059645e+03,2.219226e+02,2.810048e+02,1.821495e+02,2.260777e+02,3.096044e+03,9.281243e+01,1.159459e+02,9.318590e+01,9.238382e+01,1.323994e+02,1.125134e+02,6.407583e+01,2.060125e+03,1.027313e+03,1.750827e+04,1.034059e+03,2.078087e+03,1.032754e+03,2.063152e+03,1.036588e+03,2.067784e+03,1.085259e+02,1.055139e+03,2.063834e+03,1.498834e+02,2.061612e+03,1.192160e+02,2.061356e+03,3.093542e+03,1.061616e+03,1.037365e+03,1.032188e+02,2.069098e+03,1.033392e+03,1.042600e+03,1.037001e+03,1.224840e+02,4.121909e+03,1.171762e+02,1.273781e+02,1.035101e+03,1.019741e+02,2.087517e+03,1.479861e+02,1.660546e+02,4.127909e+03,1.433437e+02,3.095343e+03,3.091240e+03,1.015328e+02,1.051121e+02,1.146947e+02,1.055082e+03,2.078471e+03,8.995456e+01,3.110971e+03,1.932567e+02,2.023918e+02,1.033251e+03,2.090302e+03,1.855071e+02,1.160328e+02,2.049936e+03,1.050451e+03,9.002759e+01,2.081736e+03,8.965996e+01,1.037765e+03,6.190718e+03,1.296759e+02,1.393097e+02,9.947653e+01,4.124630e+03,1.194772e+02,9.739798e+01,3.099284e+03,3.098790e+03,1.363615e+02,4.152459e+03,2.033144e+02,2.062359e+03,8.455937e+01,2.115108e+02,8.568785e+01,4.524864e+02,1.037180e+02
3.273072e+02,3.354598e+02,8.831281e+01,1.269528e+02,1.372811e+02,1.253401e+02,1.517295e+02,1.452265e+02,1.078329e+02,8.938123e+01,8.792429e+01,1.182267e+02,0.000000e+00,7.161712e+01,6.326629e+01,7.643983e+01,1.374849e+02,1.461077e+02,1.043488e+03,7.207126e+01,7.742893e+01,1.102431e+02,8.720172e+01,2.287657e+02,2.405819e+02,1.142584e+02,2.001173e+02,1.702543e+02,1.429915e+02,1.065398e+03,1.409812e+02,2.070134e+02,1.219478e+02,1.464571e+02,3.103101e+03,1.083198e+02,1.016450e+02,8.021475e+01,9.085834e+01,7.657704e+01,8.132230e+01,1.048658e+02,2.067365e+03,1.033990e+03,1.751496e+04,1.042727e+03,2.086014e+03,1.038509e+03,2.070016e+03,1.044389e+03,2.074569e+03,1.126869e+02,1.061754e+03,2.071257e+03,1.203124e+02,2.068971e+03,3.932519e+01,2.068558e+03,3.100185e+03,1.064610e+03,1.044083e+03,1.111656e+02,2.076229e+03,1.041958e+03,1.047732e+03,1.044639e+03,8.485581e+01,4.128836e+03,9.406107e+01,7.321608e+01,1.042289e+03,9.650938e+01,2.092250e+03,8.484610e+01,1.221758e+02,4.135123e+03,1.199179e+02,3.102488e+03,3.098312e+03,9.511492e+01,9.686024e+01,7.831229e+01,1.061547e+03,2.085445e+03,1.027776e+02,3.118253e+03,1.504560e+02,1.628401e+02,1.041116e+03,2.095864e+03,1.749031e+02,1.086576e+02,2.056233e+03,1.057164e+03,9.711873e+01,2.088880e+03,7.919997e+01,1.043915e+03,6.197367e+03,1.074523e+02,7.968364e+01,7.803928e+01,4.131302e+03,1.079536e+02,1.139395e+02,3.105585e+03,3.105317e+03,1.211451e+02,4.159232e+03,1.574804e+02,2.069697e+03,9.510971e+01,1.602914e+02,1.109465e+02,3.892475e+02,4.657083e+01
3.216847e+02,3.238279e+02,1.014282e+02,1.195181e+02,1.420970e+02,1.284970e+02,1.613692e+02,1.443761e+02,1.016884e+02,9.555616e+01,1.109422e+02,1.329288e+02,7.161712e+01,0.000000e+00,8.492913e+01,1.022944e+02,1.135099e+02,1.295822e+02,1.062775e+03,1.214674e+02,1.220212e+02,1.315000e+02,9.764032e+01,1.922499e+02,2.110859e+02,1.366062e+02,1.710365e+02,1.661858e+02,1.400115e+02,1.085014e+03,1.392626e+02,1.948255e+02,1.458443e+02,1.376523e+02,3.122091e+03,1.347979e+02,1.311298e+02,1.076246e+02,1.176860e+02,6.601558e+01,9.425787e+01,1.235691e+02,2.085962e+03,1.052939e+03,1.753348e+04,1.062774e+03,2.105298e+03,1.057039e+03,2.089416e+03,1.064214e+03,2.093149e+03,1.445338e+02,1.080940e+03,2.090453e+03,1.137352e+02,2.088023e+03,8.797902e+01,2.087418e+03,3.118752e+03,1.082378e+03,1.063501e+03,1.285869e+02,2.095094e+03,1.061649e+03,1.064637e+03,1.064517e+03,6.536283e+01,4.147755e+03,9.752028e+01,9.933794e+01,1.061289e+03,1.362173e+02,2.110382e+03,1.204049e+02,1.145421e+02,4.154117e+03,1.310856e+02,3.120953e+03,3.117225e+03,1.175929e+02,1.183068e+02,1.004304e+02,1.080427e+03,2.104317e+03,1.037445e+02,3.136688e+03,1.322917e+02,1.448424e+02,1.061085e+03,2.114138e+03,1.628031e+02,1.383419e+02,2.074508e+03,1.076585e+03,1.326114e+02,2.108308e+03,9.033518e+01,1.061964e+03,6.216041e+03,1.009462e+02,7.500262e+01,1.092868e+02,4.149974e+03,1.096904e+02,1.272009e+02,3.123731e+03,3.124169e+03,1.344665e+02,4.177722e+03,1.356291e+02,2.089025e+03,1.276141e+02,1.503217e+02,1.539122e+02,3.794922e+02,8.182902e+01
3.247368e+02,3.412141e+02,8.192629e+01,1.117319e+02,1.305439e+02,1.250729e+02,1.756003e+02,1.344437e+02,1.050040e+02,7.449301e+01,7.099434e+01,1.028634e+02,6.326629e+01,8.492913e+01,0.000000e+00,6.571800e+01,1.290476e+02,1.309369e+02,1.036979e+03,8.841207e+01,6.988121e+01,9.327709e+01,6.365085e+01,2.469347e+02,2.514473e+02,8.432531e+01,1.927193e+02,1.840275e+02,1.404607e+02,1.059924e+03,1.529806e+02,2.191658e+02,1.352156e+02,1.582202e+02,3.096997e+03,1.042681e+02,1.006049e+02,6.541469e+01,6.979082e+01,7.110360e+01,5.288151e+01,8.917879e+01,2.060806e+03,1.027850e+03,1.750887e+04,1.036078e+03,2.080093e+03,1.031310e+03,2.064085e+03,1.037669e+03,2.068205e+03,8.951694e+01,1.054913e+03,2.064958e+03,1.178107e+02,2.062640e+03,7.253040e+01,2.062255e+03,3.093447e+03,1.057774e+03,1.039361e+03,1.055462e+02,2.069797e+03,1.035651e+03,1.039198e+03,1.038454e+03,7.705877e+01,4.122659e+03,8.425401e+01,7.553505e+01,1.035966e+03,8.569842e+01,2.085793e+03,8.916849e+01,1.261477e+02,4.128936e+03,1.069461e+02,3.095920e+03,3.092024e+03,9.041665e+01,9.216699e+01,5.302660e+01,1.055445e+03,2.079024e+03,8.103238e+01,3.111789e+03,1.368765e+02,1.488354e+02,1.036449e+03,2.089959e+03,1.601357e+02,1.047979e+02,2.050168e+03,1.051777e+03,8.516549e+01,2.083137e+03,5.371611e+01,1.036608e+03,6.191290e+03,1.125765e+02,7.253934e+01,8.857908e+01,4.125509e+03,8.005956e+01,8.920806e+01,3.098555e+03,3.099809e+03,1.084542e+02,4.153024e+03,1.459841e+02,2.064178e+03,7.071852e+01,1.633360e+02,1.011963e+02,3.925940e+02,5.024909e+01
3.228936e+02,3.406710e+02,6.785382e+01,9.828818e+01,9.607415e+01,1.047039e+02,1.403249e+02,1.128896e+02,8.748766e+01,9.824147e+01,9.589566e+01,1.228101e+02,7.643983e+01,1.022944e+02,6.571800e+01,0.000000e+00,1.188680e+02,1.125741e+02,1.031416e+03,6.691650e+01,5.809982e+01,1.259122e+02,8.549212e+01,2.443424e+02,2.453257e+02,9.649198e+01,1.745345e+02,1.580906e+02,1.190684e+02,1.052780e+03,1.545071e+02,2.073239e+02,1.333276e+02,1.594523e+02,3.091213e+03,8.709962e+01,1.146365e+02,8.474037e+01,9.482898e+01,7.663271e+01,5.702973e+01,1.010583e+02,2.055441e+03,1.022170e+03,1.750277e+04,1.029864e+03,2.073261e+03,1.026058e+03,2.058484e+03,1.032959e+03,2.061849e+03,1.028394e+02,1.049170e+03,2.059041e+03,1.126416e+02,2.056876e+03,8.906961e+01,2.056108e+03,3.087773e+03,1.053723e+03,1.032107e+03,9.420782e+01,2.063154e+03,1.028477e+03,1.035147e+03,1.032884e+03,7.057900e+01,4.116706e+03,5.783168e+01,5.615581e+01,1.030303e+03,1.149557e+02,2.081094e+03,7.137132e+01,1.123584e+02,4.123050e+03,9.763147e+01,3.090050e+03,3.085759e+03,8.036103e+01,8.010447e+01,7.961000e+01,1.048680e+03,2.072852e+03,7.956390e+01,3.105410e+03,1.197124e+02,1.226358e+02,1.028805e+03,2.084626e+03,1.388892e+02,1.166234e+02,2.044000e+03,1.044490e+03,8.928860e+01,2.076284e+03,6.701709e+01,1.032356e+03,6.185385e+03,9.951746e+01,1.082200e+02,7.882291e+01,4.119207e+03,6.181104e+01,7.664152e+01,3.093147e+03,3.093441e+03,9.703839e+01,4.147022e+03,1.424646e+02,2.057441e+03,7.708243e+01,1.388857e+02,9.779869e+01,3.963170e+02,7.747015e+01
2.862801e+02,2.912388e+02,1.369874e+02,8.940752e+01,1.062711e+02,1.056756e+02,1.462697e+02,1.192997e+02,1.217109e+02,1.341824e+02,1.644688e+02,1.957149e+02,1.374849e+02,1.135099e+02,1.290476e+02,1.188680e+02,0.000000e+00,6.823713e+01,1.039700e+03,1.619275e+02,1.462320e+02,1.992484e+02,1.613139e+02,2.101228e+02,1.890632e+02,1.918879e+02,1.589811e+02,1.382896e+02,1.067146e+02,1.061154e+03,1.653584e+02,1.630075e+02,1.644103e+02,1.672608e+02,3.097453e+03,1.548764e+02,1.773135e+02,1.710235e+02,1.814432e+02,9.605552e+01,1.212894e+02,1.844919e+02,2.060900e+03,1.029845e+03,1.750746e+04,1.040367e+03,2.080948e+03,1.031566e+03,2.065570e+03,1.041117e+03,2.068074e+03,1.997119e+02,1.054662e+03,2.066547e+03,1.333365e+02,2.063450e+03,1.593328e+02,2.062688e+03,3.092289e+03,1.055595e+03,1.041582e+03,1.803110e+02,2.069780e+03,1.038603e+03,1.034600e+03,1.042464e+03,1.019261e+02,4.122525e+03,1.162144e+02,1.222565e+02,1.038153e+03,1.934644e+02,2.084330e+03,1.285060e+02,1.016734e+02,4.129036e+03,1.283935e+02,3.094964e+03,3.091611e+03,1.697929e+02,1.697438e+02,1.537793e+02,1.054608e+03,2.078735e+03,1.455755e+02,3.110656e+03,6.354465e+01,8.434786e+01,1.041420e+03,2.089432e+03,1.369776e+02,1.857870e+02,2.049397e+03,1.052465e+03,1.811881e+02,2.084123e+03,1.405328e+02,1.036181e+03,6.190402e+03,1.273229e+02,1.504934e+02,1.666749e+02,4.124711e+03,1.372448e+02,1.453979e+02,3.096091e+03,3.100161e+03,1.269708e+02,4.151462e+03,9.756756e+01,2.065800e+03,1.720003e+02,1.133125e+02,2.031036e+02,3.448996e+02,1.508642e+02
2.792368e+02,2.894670e+02,1.382234e+02,9.408789e+01,1.250897e+02,1.112726e+02,1.500212e+02,1.382942e+02,1.088265e+02,1.199150e+02,1.830551e+02,2.108487e+02,1.461077e+02,1.295822e+02,1.309369e+02,1.125741e+02,6.823713e+01,0.000000e+00,1.039329e+03,1.582430e+02,1.412202e+02,2.021022e+02,1.613515e+02,2.051288e+02,1.735746e+02,1.807396e+02,1.699671e+02,1.340975e+02,1.308358e+02,1.060189e+03,1.404301e+02,1.451782e+02,1.542287e+02,1.469684e+02,3.096894e+03,1.698450e+02,1.791477e+02,1.673980e+02,1.783783e+02,1.017922e+02,1.157390e+02,1.886903e+02,2.060664e+03,1.029630e+03,1.750643e+04,1.040668e+03,2.080899e+03,1.030568e+03,2.065209e+03,1.041309e+03,2.067287e+03,1.931260e+02,1.054227e+03,2.065968e+03,1.308097e+02,2.063038e+03,1.587160e+02,2.062044e+03,3.091233e+03,1.053337e+03,1.042442e+03,1.806174e+02,2.068879e+03,1.038621e+03,1.033011e+03,1.042673e+03,1.161677e+02,4.121802e+03,1.224207e+02,1.149978e+02,1.038425e+03,1.963288e+02,2.082686e+03,1.200355e+02,1.207519e+02,4.128284e+03,1.321043e+02,3.094073e+03,3.090736e+03,1.631587e+02,1.615136e+02,1.427128e+02,1.054454e+03,2.077853e+03,1.497304e+02,3.109690e+03,7.129335e+01,7.938944e+01,1.041676e+03,2.088588e+03,1.394968e+02,1.838671e+02,2.048756e+03,1.052665e+03,1.895979e+02,2.083755e+03,1.413402e+02,1.035982e+03,6.189563e+03,1.400980e+02,1.420538e+02,1.735761e+02,4.123961e+03,1.261831e+02,1.462022e+02,3.094797e+03,3.099533e+03,1.430174e+02,4.150754e+03,1.002313e+02,2.065719e+03,1.724970e+02,1.133672e+02,2.010347e+02,3.394270e+02,1.476951e+02
9.591104e+02,9.867533e+02,1.033797e+03,1.021466e+03,1.014886e+03,1.012615e+03,1.012717e+03,1.016765e+03,1.031642e+03,1.032673e+03,1.038863e+03,1.036298e+03,1.043488e+03,1.062775e+03,1.036979e+03,1.031416e+03,1.039700e+03,1.039329e+03,0.000000e+00,1.032630e+03,1.030232e+03,1.036018e+03,1.058628e+03,1.083714e+03,1.075554e+03,1.032817e+03,1.037205e+03,1.012533e+03,1.018236e+03,9.373840e+01,1.046572e+03,1.044916e+03,1.039653e+03,1.044942e+03,2.061481e+03,1.018522e+03,1.042496e+03,1.032884e+03,1.032421e+03,1.032361e+03,1.027569e+03,1.038148e+03,1.026364e+03,9.671682e+01,1.647327e+04,1.266646e+02,1.045422e+03,1.180461e+02,1.029054e+03,1.245516e+02,1.033860e+03,1.031292e+03,1.173776e+02,1.029708e+03,1.041865e+03,1.027530e+03,1.042134e+03,1.027166e+03,2.058873e+03,1.811082e+02,1.249078e+02,1.032826e+03,1.034860e+03,9.854528e+01,1.529482e+02,9.423973e+01,1.036242e+03,3.087044e+03,1.030539e+03,1.029162e+03,7.586215e+01,1.028774e+03,1.054735e+03,1.026382e+03,1.021028e+03,3.093132e+03,1.019855e+03,2.060496e+03,2.056335e+03,1.040336e+03,1.039784e+03,1.033554e+03,1.496519e+02,1.044090e+03,1.033431e+03,2.076431e+03,1.041118e+03,1.038211e+03,1.042139e+02,1.056503e+03,1.012281e+03,1.041823e+03,1.016154e+03,1.351020e+02,1.032691e+03,1.047698e+03,1.034047e+03,1.115943e+02,5.155700e+03,1.031022e+03,1.048789e+03,1.031214e+03,3.089833e+03,1.032078e+03,1.028724e+03,2.065161e+03,2.064601e+03,1.012513e+03,3.117794e+03,1.016865e+03,1.029066e+03,1.037081e+03,1.021706e+03,1.033714e+03,9.818672e+02,1.045306e+03
3.490689e+02,3.652285e+02,9.002437e+01,1.378352e+02,1.367108e+02,1.312538e+02,1.540394e+02,1.394992e+02,1.148340e+02,1.196664e+02,9.942988e+01,1.219790e+02,7.207126e+01,1.214674e+02,8.841207e+01,6.691650e+01,1.619275e+02,1.582430e+02,1.032630e+03,0.000000e+00,4.581411e+01,1.124791e+02,9.038836e+01,2.656170e+02,2.696838e+02,1.058379e+02,2.062266e+02,1.855363e+02,1.497318e+02,1.055318e+03,1.744156e+02,2.330668e+02,1.455030e+02,1.801669e+02,3.092973e+03,8.906114e+01,8.881949e+01,7.503435e+01,8.526979e+01,1.086059e+02,8.929923e+01,9.621589e+01,2.057314e+03,1.024062e+03,1.750501e+04,1.031212e+03,2.075136e+03,1.028347e+03,2.060004e+03,1.034014e+03,2.064346e+03,1.003333e+02,1.051458e+03,2.060818e+03,1.228886e+02,2.058732e+03,6.935042e+01,2.058133e+03,3.090140e+03,1.056338e+03,1.034060e+03,9.752196e+01,2.065485e+03,1.030396e+03,1.038333e+03,1.033816e+03,1.092488e+02,4.118742e+03,9.363461e+01,5.460662e+01,1.032298e+03,9.594884e+01,2.083287e+03,6.542882e+01,1.378529e+02,4.124960e+03,1.153844e+02,3.092047e+03,3.087925e+03,8.231542e+01,8.438966e+01,9.227915e+01,1.051224e+03,2.074875e+03,1.086046e+02,3.107680e+03,1.599066e+02,1.679847e+02,1.030556e+03,2.086529e+03,1.741418e+02,8.932363e+01,2.046357e+03,1.046658e+03,8.428594e+01,2.078325e+03,9.946319e+01,1.034552e+03,6.187488e+03,1.251546e+02,1.134704e+02,8.162638e+01,4.121338e+03,1.068344e+02,9.888707e+01,3.095688e+03,3.095337e+03,1.154219e+02,4.149258e+03,1.797851e+02,2.059309e+03,7.966577e+01,1.706570e+02,8.122925e+01,4.215938e+02,7.877232e+01
3.369543e+02,3.551547e+02,8.379987e+01,1.186816e+02,1.242172e+02,1.212749e+02,1.622977e+02,1.268870e+02,1.102475e+02,1.020063e+02,9.156961e+01,1.162559e+02,7.742893e+01,1.220212e+02,6.988121e+01,5.809982e+01,1.462320e+02,1.412202e+02,1.030232e+03,4.581411e+01,0.000000e+00,1.070363e+02,8.321294e+01,2.713739e+02,2.646101e+02,9.787809e+01,1.989718e+02,1.870728e+02,1.396074e+02,1.052585e+03,1.756362e+02,2.245286e+02,1.369981e+02,1.858137e+02,3.090795e+03,8.311085e+01,7.822036e+01,7.375471e+01,8.080415e+01,9.879116e+01,6.904191e+01,9.622897e+01,2.054784e+03,1.021349e+03,1.750251e+04,1.030019e+03,2.073323e+03,1.025164e+03,2.058171e+03,1.032117e+03,2.061754e+03,9.487755e+01,1.048267e+03,2.058753e+03,1.176641e+02,2.056432e+03,7.878655e+01,2.055750e+03,3.087193e+03,1.052302e+03,1.032494e+03,1.032513e+02,2.062996e+03,1.028486e+03,1.033099e+03,1.032225e+03,1.025629e+02,4.116440e+03,8.891408e+01,5.000661e+01,1.029601e+03,8.488586e+01,2.080154e+03,5.446030e+01,1.348354e+02,4.122589e+03,1.049779e+02,3.089347e+03,3.085505e+03,8.408142e+01,8.626144e+01,7.474186e+01,1.048281e+03,2.072210e+03,9.730874e+01,3.104880e+03,1.417744e+02,1.520352e+02,1.029447e+03,2.083963e+03,1.626577e+02,8.111910e+01,2.043725e+03,1.044452e+03,8.665189e+01,2.076492e+03,8.676454e+01,1.031201e+03,6.185045e+03,1.227086e+02,1.079486e+02,9.053348e+01,4.118961e+03,9.561666e+01,8.444128e+01,3.092295e+03,3.093472e+03,1.045003e+02,4.146552e+03,1.653531e+02,2.057620e+03,6.592704e+01,1.634360e+02,8.178386e+01,4.109444e+02,6.955046e+01
3.632248e+02,3.833064e+02,1.304538e+02,1.778790e+02,1.865058e+02,1.806685e+02,2.238166e+02,1.765139e+02,1.615508e+02,1.332351e+02,7.645799e+01,8.702052e+01,1.102431e+02,1.315000e+02,9.327709e+01,1.259122e+02,1.992484e+02,2.021022e+02,1.036018e+03,1.124791e+02,1.070363e+02,0.000000e+00,8.765900e+01,2.959407e+02,3.093465e+02,9.236555e+01,2.347605e+02,2.420581e+02,1.911895e+02,1.060404e+03,2.052430e+02,2.795649e+02,1.884121e+02,2.055278e+02,3.094483e+03,1.200592e+02,1.074134e+02,8.190477e+01,7.690747e+01,1.341942e+02,1.121131e+02,6.666670e+01,2.059019e+03,1.027146e+03,1.750705e+04,1.032184e+03,2.077048e+03,1.033228e+03,2.061327e+03,1.035036e+03,2.067384e+03,8.090947e+01,1.055713e+03,2.062175e+03,1.660250e+02,2.060438e+03,9.923371e+01,2.060504e+03,3.092908e+03,1.061803e+03,1.036471e+03,1.222250e+02,2.068722e+03,1.033112e+03,1.045250e+03,1.034894e+03,1.332275e+02,4.120456e+03,1.350745e+02,1.183890e+02,1.034776e+03,5.882516e+01,2.086443e+03,1.346158e+02,1.820960e+02,4.126535e+03,1.585685e+02,3.094998e+03,3.090473e+03,1.204734e+02,1.236391e+02,8.669576e+01,1.056498e+03,2.078072e+03,1.187832e+02,3.110934e+03,2.068630e+02,2.186699e+02,1.032043e+03,2.089240e+03,2.129046e+02,1.078018e+02,2.049620e+03,1.050943e+03,9.103876e+01,2.080749e+03,1.005383e+02,1.037874e+03,6.189483e+03,1.583206e+02,1.081357e+02,1.119057e+02,4.123690e+03,1.328629e+02,1.256205e+02,3.099325e+03,3.097023e+03,1.514111e+02,4.151900e+03,2.053015e+02,2.060835e+03,8.462484e+01,2.238801e+02,1.025576e+02,4.344264e+02,9.061107e+01
3.728269e+02,3.886513e+02,1.013498e+02,1.419547e+02,1.569469e+02,1.602789e+02,2.047703e+02,1.514273e+02,1.231881e+02,1.057386e+02,7.161398e+01,9.262778e+01,8.720172e+01,9.764032e+01,6.365085e+01,8.549212e+01,1.613139e+02,1.613515e+02,1.058628e+03,9.038836e+01,8.321294e+01,8.765900e+01,0.000000e+00,2.662524e+02,2.768554e+02,7.402316e+01,2.042295e+02,2.204640e+02,1.684358e+02,1.082021e+03,1.875425e+02,2.551599e+02,1.712689e+02,1.925990e+02,3.117789e+03,1.151391e+02,1.016763e+02,5.934862e+01,5.882508e+01,1.018744e+02,8.211357e+01,8.457218e+01,2.081733e+03,1.049293e+03,1.752996e+04,1.056316e+03,2.100467e+03,1.053573e+03,2.085197e+03,1.058843e+03,2.089335e+03,7.650635e+01,1.076953e+03,2.085705e+03,1.359614e+02,2.083709e+03,9.047147e+01,2.083079e+03,3.114901e+03,1.081179e+03,1.059550e+03,9.614935e+01,2.090692e+03,1.055616e+03,1.062294e+03,1.058920e+03,9.230950e+01,4.143827e+03,9.633883e+01,9.680231e+01,1.056943e+03,8.668030e+01,2.108176e+03,1.071506e+02,1.572392e+02,4.149968e+03,1.367627e+02,3.117140e+03,3.113210e+03,8.510233e+01,8.748386e+01,7.585362e+01,1.077185e+03,2.100104e+03,8.461011e+01,3.132915e+03,1.634229e+02,1.708887e+02,1.056018e+03,2.111741e+03,1.794880e+02,1.029503e+02,2.071351e+03,1.073147e+03,7.639628e+01,2.104192e+03,7.745653e+01,1.058808e+03,6.212463e+03,1.332882e+02,8.657917e+01,8.713189e+01,4.146578e+03,9.162011e+01,1.070791e+02,3.120390e+03,3.120378e+03,1.358535e+02,4.174294e+03,1.858960e+02,2.084501e+03,5.512900e+01,1.912047e+02,9.676214e+01,4.412006e+02,6.750654e+01
2.893639e+02,2.633280e+02,2.223008e+02,2.021613e+02,2.358199e+02,2.024998e+02,2.089295e+02,2.339462e+02,1.917562e+02,2.168938e+02,2.800112e+02,2.905196e+02,2.287657e+02,1.922499e+02,2.469347e+02,2.443424e+02,2.101228e+02,2.051288e+02,1.083714e+03,2.656170e+02,2.713739e+02,2.959407e+02,2.662524e+02,0.000000e+00,1.190477e+02,2.866183e+02,1.922167e+02,1.901789e+02,2.078163e+02,1.104745e+03,1.434142e+02,1.437854e+02,1.913683e+02,1.451560e+02,3.138322e+03,2.683562e+02,2.662440e+02,2.585708e+02,2.743137e+02,1.971825e+02,2.280476e+02,2.729171e+02,2.102834e+03,1.073739e+03,1.754670e+04,1.086270e+03,2.124344e+03,1.074308e+03,2.107209e+03,1.086031e+03,2.109662e+03,3.021507e+02,1.100282e+03,2.108354e+03,1.899633e+02,2.105758e+03,2.366511e+02,2.104900e+03,3.133246e+03,1.093367e+03,1.085932e+03,2.567310e+02,2.112093e+03,1.084454e+03,1.078432e+03,1.086860e+03,2.126012e+02,4.163215e+03,2.369801e+02,2.343850e+02,1.082653e+03,3.080091e+02,2.122221e+03,2.581076e+02,1.776766e+02,4.169977e+03,2.185594e+02,3.136539e+03,3.133054e+03,2.379218e+02,2.361182e+02,2.526323e+02,1.100246e+03,2.120831e+03,2.376139e+02,3.152433e+03,2.119188e+02,2.043554e+02,1.085567e+03,2.128365e+03,2.073766e+02,2.689567e+02,2.090193e+03,1.097765e+03,2.950742e+02,2.126425e+03,2.357705e+02,1.079839e+03,6.230268e+03,1.926881e+02,2.218047e+02,2.557768e+02,4.164937e+03,2.386064e+02,2.516594e+02,3.137118e+03,3.139673e+03,2.390654e+02,4.192332e+03,1.848490e+02,2.107581e+03,2.885737e+02,1.720086e+02,2.970580e+02,3.288890e+02,2.388488e+02
2.641045e+02,2.323953e+02,2.342493e+02,1.908851e+02,2.269148e+02,1.867927e+02,1.966120e+02,2.426358e+02,1.985012e+02,2.181677e+02,2.941462e+02,3.093634e+02,2.405819e+02,2.110859e+02,2.514473e+02,2.453257e+02,1.890632e+02,1.735746e+02,1.075554e+03,2.696838e+02,2.646101e+02,3.093465e+02,2.768554e+02,1.190477e+02,0.000000e+00,3.028959e+02,2.075794e+02,1.667432e+02,2.111273e+02,1.094918e+03,1.537279e+02,7.880502e+01,1.871362e+02,1.704461e+02,3.128286e+03,2.800162e+02,2.727445e+02,2.727367e+02,2.881613e+02,2.055187e+02,2.322394e+02,2.960705e+02,2.092991e+03,1.065170e+03,1.753506e+04,1.078945e+03,2.114549e+03,1.064828e+03,2.098012e+03,1.078980e+03,2.099159e+03,3.208240e+02,1.090503e+03,2.098906e+03,1.899930e+02,2.096095e+03,2.445159e+02,2.094878e+03,3.122161e+03,1.082022e+03,1.077519e+03,2.860725e+02,2.101502e+03,1.076184e+03,1.066793e+03,1.079392e+03,2.309131e+02,4.152624e+03,2.389751e+02,2.289393e+02,1.074338e+03,3.112853e+02,2.111000e+03,2.381227e+02,1.885718e+02,4.159446e+03,2.219897e+02,3.125586e+03,3.122281e+03,2.578266e+02,2.560508e+02,2.568701e+02,1.089969e+03,2.110133e+03,2.569626e+02,3.141196e+03,1.820639e+02,1.825531e+02,1.078192e+03,2.117881e+03,2.136179e+02,2.762127e+02,2.079455e+03,1.088263e+03,3.167577e+02,2.116481e+03,2.546151e+02,1.070811e+03,6.219188e+03,2.131908e+02,2.311410e+02,2.788774e+02,4.153832e+03,2.493570e+02,2.554259e+02,3.125445e+03,3.129286e+03,2.467741e+02,4.180993e+03,1.607183e+02,2.098193e+03,2.976888e+02,1.612325e+02,3.112700e+02,2.901159e+02,2.449452e+02
3.532419e+02,3.806883e+02,1.027849e+02,1.536707e+02,1.667084e+02,1.686606e+02,2.096387e+02,1.648338e+02,1.234529e+02,1.065829e+02,9.144751e+01,1.063855e+02,1.142584e+02,1.366062e+02,8.432531e+01,9.649198e+01,1.918879e+02,1.807396e+02,1.032817e+03,1.058379e+02,9.787809e+01,9.236555e+01,7.402316e+01,2.866183e+02,3.028959e+02,0.000000e+00,2.160512e+02,2.230623e+02,1.852301e+02,1.055831e+03,1.912347e+02,2.709145e+02,1.786851e+02,1.922792e+02,3.092196e+03,1.249321e+02,1.168875e+02,5.628246e+01,4.896344e+01,1.154339e+02,8.562452e+01,7.941037e+01,2.056690e+03,1.023947e+03,1.750468e+04,1.029889e+03,2.074778e+03,1.028977e+03,2.059112e+03,1.032623e+03,2.063978e+03,4.146513e+01,1.052267e+03,2.059883e+03,1.546649e+02,2.058071e+03,1.067692e+02,2.057565e+03,3.089864e+03,1.057498e+03,1.034062e+03,7.533290e+01,2.065414e+03,1.029948e+03,1.039502e+03,1.032926e+03,1.122742e+02,4.118162e+03,1.087249e+02,1.140460e+02,1.031772e+03,9.018991e+01,2.083761e+03,1.259958e+02,1.726465e+02,4.124214e+03,1.420881e+02,3.092071e+03,3.087661e+03,8.145791e+01,8.149740e+01,7.196991e+01,1.052354e+03,2.074875e+03,8.228911e+01,3.107866e+03,1.834454e+02,1.859090e+02,1.029039e+03,2.086777e+03,1.800352e+02,1.125089e+02,2.046496e+03,1.047662e+03,7.654319e+01,2.078214e+03,7.807469e+01,1.034177e+03,6.187077e+03,1.395365e+02,1.028286e+02,7.998362e+01,4.121160e+03,7.766338e+01,1.030289e+02,3.095790e+03,3.094937e+03,1.406150e+02,4.149350e+03,1.931225e+02,2.058673e+03,5.705654e+01,1.989175e+02,7.358033e+01,4.323414e+02,8.876758e+01
